#        X=           Y=           S=           P=           U=           V=         Vel=           T=         mut=         hcv=          Ax=          Ay=       Yplus=
 5.8390E-01  -4.5082E-03  -5.9759E-01   1.0050E+03   3.2011E+00  -6.7558E-01   3.2716E+00   2.7288E+02   6.3464E-08   1.9716E+02   1.8893E+01  -4.1463E+00   1.4308E+00
 5.8327E-01  -4.3714E-03  -5.9695E-01   1.0067E+03   2.0046E+00  -4.3330E-01   2.0509E+00   2.7276E+02   2.7217E-08   2.8234E+02   1.1803E+01  -2.5126E+00   1.1344E+00
 5.8257E-01  -4.2252E-03  -5.9623E-01   1.1181E+03   2.0744E+00  -4.2756E-01   2.1181E+00   2.7280E+02   2.8728E-08   2.5608E+02   1.2206E+01  -2.5113E+00   1.1530E+00
 5.8179E-01  -4.0694E-03  -5.9544E-01   1.1780E+03   1.8866E+00  -3.7348E-01   1.9232E+00   2.7280E+02   2.3539E-08   2.5730E+02   1.1096E+01  -2.1970E+00   1.0987E+00
 5.8094E-01  -3.9044E-03  -5.9457E-01   1.2447E+03   1.8025E+00  -3.4178E-01   1.8346E+00   2.7280E+02   2.0964E-08   2.5185E+02   1.0600E+01  -2.0102E+00   1.0730E+00
 5.8000E-01  -3.7304E-03  -5.9362E-01   1.3009E+03   1.7035E+00  -3.0771E-01   1.7311E+00   2.7281E+02   1.8301E-08   2.4866E+02   1.0016E+01  -1.8094E+00   1.0423E+00
 5.7896E-01  -3.5481E-03  -5.9256E-01   1.3549E+03   1.6223E+00  -2.7739E-01   1.6459E+00   2.7281E+02   1.6195E-08   2.4501E+02   9.5377E+00  -1.6308E+00   1.0163E+00
 5.7782E-01  -3.3585E-03  -5.9140E-01   1.4044E+03   1.5445E+00  -2.4814E-01   1.5643E+00   2.7282E+02   1.4353E-08   2.4174E+02   9.0793E+00  -1.4586E+00   9.9082E-01
 5.7655E-01  -3.1629E-03  -5.9012E-01   1.4507E+03   1.4735E+00  -2.2051E-01   1.4900E+00   2.7282E+02   1.2795E-08   2.3856E+02   8.6611E+00  -1.2960E+00   9.6695E-01
 5.7516E-01  -2.9631E-03  -5.8872E-01   1.4934E+03   1.4070E+00  -1.9413E-01   1.4203E+00   2.7283E+02   1.1455E-08   2.3556E+02   8.2693E+00  -1.1408E+00   9.4407E-01
 5.7363E-01  -2.7614E-03  -5.8717E-01   1.5325E+03   1.3453E+00  -1.6906E-01   1.3559E+00   2.7283E+02   1.0308E-08   2.3272E+02   7.9063E+00  -9.9335E-01   9.2240E-01
 5.7194E-01  -2.5606E-03  -5.8547E-01   1.5680E+03   1.2882E+00  -1.4525E-01   1.2963E+00   2.7283E+02   9.3272E-09   2.3004E+02   7.5696E+00  -8.5333E-01   9.0188E-01
 5.7008E-01  -2.3640E-03  -5.8360E-01   1.5993E+03   1.2357E+00  -1.2275E-01   1.2418E+00   2.7284E+02   8.4946E-09   2.2755E+02   7.2610E+00  -7.2105E-01   8.8269E-01
 5.6803E-01  -2.1756E-03  -5.8155E-01   1.6260E+03   1.1888E+00  -1.0174E-01   1.1932E+00   2.7284E+02   7.8005E-09   2.2526E+02   6.9853E+00  -5.9756E-01   8.6523E-01
 5.6579E-01  -1.9995E-03  -5.7929E-01   1.6483E+03   1.1482E+00  -8.2471E-02   1.1512E+00   2.7284E+02   7.2315E-09   2.2319E+02   6.7462E+00  -4.8430E-01   8.4984E-01
 5.6332E-01  -1.8396E-03  -5.7682E-01   1.6663E+03   1.1138E+00  -6.4999E-02   1.1157E+00   2.7284E+02   6.7707E-09   2.2137E+02   6.5440E+00  -3.8164E-01   8.3664E-01
 5.6061E-01  -1.6998E-03  -5.7410E-01   1.6802E+03   1.0859E+00  -4.9431E-02   1.0870E+00   2.7285E+02   6.4058E-09   2.1977E+02   6.3798E+00  -2.9019E-01   8.2580E-01
 5.5764E-01  -1.5830E-03  -5.7113E-01   1.6906E+03   1.0662E+00  -3.5982E-02   1.0668E+00   2.7285E+02   6.1330E-09   2.1847E+02   6.2640E+00  -2.1124E-01   8.1808E-01
 5.5439E-01  -1.4910E-03  -5.6788E-01   1.7027E+03   1.0504E+00  -2.4603E-02   1.0507E+00   2.7285E+02   5.9002E-09   2.1744E+02   6.1714E+00  -1.4444E-01   8.1189E-01
 5.5084E-01  -1.4270E-03  -5.6433E-01   1.7173E+03   1.0307E+00  -1.3513E-02   1.0308E+00   2.7285E+02   5.6373E-09   2.1648E+02   6.0555E+00  -7.9278E-02   8.0416E-01
 5.4697E-01  -1.3996E-03  -5.6046E-01   1.7317E+03   1.0067E+00  -1.6247E-03   1.0067E+00   2.7285E+02   5.3469E-09   2.1543E+02   5.9140E+00  -9.4129E-03   7.9469E-01
 5.4274E-01  -1.4211E-03  -5.5624E-01   1.7446E+03   9.8071E-01   1.1017E-02   9.8077E-01   2.7285E+02   5.0565E-09   2.1438E+02   5.7613E+00   6.4871E-02   7.8439E-01
 5.3815E-01  -1.5071E-03  -5.5164E-01   1.7538E+03   9.5463E-01   2.4393E-02   9.5494E-01   2.7286E+02   4.7875E-09   2.1341E+02   5.6080E+00   1.4344E-01   7.7399E-01
 5.3316E-01  -1.6757E-03  -5.4664E-01   1.7583E+03   9.2969E-01   3.8394E-02   9.3048E-01   2.7286E+02   4.5555E-09   2.1267E+02   5.4613E+00   2.2564E-01   7.6401E-01
 5.2774E-01  -1.9480E-03  -5.4122E-01   1.7547E+03   9.0749E-01   5.3130E-02   9.0904E-01   2.7286E+02   4.3828E-09   2.1227E+02   5.3308E+00   3.1217E-01   7.5515E-01
 5.2189E-01  -2.3457E-03  -5.3535E-01   1.7368E+03   8.9568E-01   6.8602E-02   8.9830E-01   2.7286E+02   4.3286E-09   2.1239E+02   5.2614E+00   4.0291E-01   7.5068E-01
 5.1556E-01  -2.8836E-03  -5.2901E-01   1.7068E+03   8.9996E-01   8.3680E-02   9.0385E-01   2.7286E+02   4.4265E-09   2.1326E+02   5.2866E+00   4.9135E-01   7.5299E-01
 5.0875E-01  -3.5655E-03  -5.2216E-01   1.6698E+03   9.1608E-01   9.7872E-02   9.2129E-01   2.7285E+02   4.6389E-09   2.1486E+02   5.3814E+00   5.7469E-01   7.6023E-01
 5.0143E-01  -4.3929E-03  -5.1480E-01   1.6276E+03   9.3967E-01   1.1173E-01   9.4629E-01   2.7285E+02   4.9256E-09   2.1692E+02   5.5201E+00   6.5605E-01   7.7047E-01
 4.9358E-01  -5.3692E-03  -5.0689E-01   1.5879E+03   9.6375E-01   1.2494E-01   9.7181E-01   2.7285E+02   5.2242E-09   2.1922E+02   5.6617E+00   7.3367E-01   7.8080E-01
 4.8519E-01  -6.5077E-03  -4.9842E-01   1.5496E+03   9.8024E-01   1.3864E-01   9.8999E-01   2.7284E+02   5.4821E-09   2.2172E+02   5.7586E+00   8.1414E-01   7.8807E-01
 4.7625E-01  -7.8375E-03  -4.8938E-01   1.5034E+03   9.8857E-01   1.5384E-01   1.0005E+00   2.7284E+02   5.7714E-09   2.2462E+02   5.8076E+00   9.0332E-01   7.9224E-01
 4.6675E-01  -9.3959E-03  -4.7975E-01   1.3958E+03   1.0328E+00   1.7796E-01   1.0481E+00   2.7283E+02   6.5711E-09   2.2869E+02   6.0682E+00   1.0442E+00   8.1088E-01
 4.5669E-01  -1.1156E-02  -4.6953E-01   1.2668E+03   1.1407E+00   2.0271E-01   1.1586E+00   2.7283E+02   8.0979E-09   2.3399E+02   6.7029E+00   1.1903E+00   8.5259E-01
 4.4604E-01  -1.3011E-02  -4.5873E-01   1.2481E+03   1.1960E+00   2.0484E-01   1.2134E+00   2.7282E+02   9.0545E-09   2.3939E+02   7.0278E+00   1.2033E+00   8.7255E-01
 4.3484E-01  -1.5007E-02  -4.4735E-01   1.1280E+03   1.2300E+00   2.2728E-01   1.2508E+00   2.7281E+02   1.0011E-08   2.4423E+02   7.2277E+00   1.3342E+00   8.8590E-01
 4.2309E-01  -1.7186E-02  -4.3539E-01   9.9221E+02   1.3400E+00   2.4966E-01   1.3631E+00   2.7281E+02   1.2227E-08   2.5013E+02   7.8758E+00   1.4663E+00   9.2484E-01
 4.1079E-01  -1.9431E-02  -4.2290E-01   9.1052E+02   1.4307E+00   2.5662E-01   1.4535E+00   2.7280E+02   1.4276E-08   2.5647E+02   8.4096E+00   1.5076E+00   9.5505E-01
 3.9798E-01  -2.1721E-02  -4.0988E-01   7.9840E+02   1.5077E+00   2.6888E-01   1.5315E+00   2.7279E+02   1.6356E-08   2.6252E+02   8.8630E+00   1.5797E+00   9.8036E-01
 3.8469E-01  -2.4053E-02  -3.9639E-01   6.8320E+02   1.6077E+00   2.7795E-01   1.6316E+00   2.7278E+02   1.9188E-08   2.6909E+02   9.4523E+00   1.6333E+00   1.0119E+00
 3.7095E-01  -2.6367E-02  -3.8246E-01   5.6281E+02   1.7164E+00   2.8201E-01   1.7394E+00   2.7277E+02   2.2571E-08   2.7616E+02   1.0093E+01   1.6574E+00   1.0449E+00
 3.5682E-01  -2.8601E-02  -3.6815E-01   4.2989E+02   1.8437E+00   2.8050E-01   1.8649E+00   2.7276E+02   2.6782E-08   2.8332E+02   1.0843E+01   1.6491E+00   1.0820E+00
 3.4233E-01  -3.0664E-02  -3.5351E-01   3.3991E+02   1.9676E+00   2.6143E-01   1.9849E+00   2.7275E+02   3.1120E-08   2.8991E+02   1.1575E+01   1.5375E+00   1.1163E+00
 3.2755E-01  -3.2481E-02  -3.3862E-01   2.6541E+02   2.0730E+00   2.3469E-01   2.0862E+00   2.7274E+02   3.4943E-08   2.9501E+02   1.2197E+01   1.3807E+00   1.1445E+00
 3.1254E-01  -3.3999E-02  -3.2353E-01   2.6963E+02   2.1446E+00   1.9150E-01   2.1531E+00   2.7274E+02   3.7433E-08   2.9827E+02   1.2620E+01   1.1268E+00   1.1628E+00
 2.9739E-01  -3.5201E-02  -3.0834E-01   3.2092E+02   2.1631E+00   1.5015E-01   2.1683E+00   2.7274E+02   3.7933E-08   2.9993E+02   1.2728E+01   8.8337E-01   1.1669E+00
 2.8218E-01  -3.6143E-02  -2.9310E-01   3.8104E+02   2.1603E+00   1.1781E-01   2.1635E+00   2.7274E+02   3.7676E-08   3.0084E+02   1.2712E+01   6.9295E-01   1.1656E+00
 2.6700E-01  -3.6874E-02  -2.7790E-01   4.4468E+02   2.1541E+00   9.0098E-02   2.1560E+00   2.7273E+02   3.7326E-08   3.0164E+02   1.2676E+01   5.2989E-01   1.1636E+00
 2.5193E-01  -3.7419E-02  -2.6281E-01   5.0894E+02   2.1477E+00   6.5437E-02   2.1487E+00   2.7273E+02   3.6980E-08   3.0246E+02   1.2637E+01   3.8471E-01   1.1616E+00
 2.3703E-01  -3.7792E-02  -2.4792E-01   5.7625E+02   2.1414E+00   4.2049E-02   2.1418E+00   2.7273E+02   3.6644E-08   3.0329E+02   1.2600E+01   2.4698E-01   1.1597E+00
 2.2239E-01  -3.8004E-02  -2.3328E-01   6.4774E+02   2.1337E+00   1.9614E-02   2.1338E+00   2.7273E+02   3.6253E-08   3.0408E+02   1.2555E+01   1.1485E-01   1.1576E+00
 2.0808E-01  -3.8063E-02  -2.1896E-01   7.2444E+02   2.1238E+00  -1.9968E-03   2.1238E+00   2.7273E+02   3.5772E-08   3.0482E+02   1.2496E+01  -1.2414E-02   1.1548E+00
 1.9414E-01  -3.7982E-02  -2.0502E-01   8.0580E+02   2.1114E+00  -2.2690E-02   2.1116E+00   2.7273E+02   3.5213E-08   3.0557E+02   1.2423E+01  -1.3423E-01   1.1515E+00
 1.8064E-01  -3.7773E-02  -1.9152E-01   8.8666E+02   2.0993E+00  -4.2412E-02   2.0997E+00   2.7273E+02   3.4702E-08   3.0644E+02   1.2351E+01  -2.5026E-01   1.1482E+00
 1.6763E-01  -3.7447E-02  -1.7850E-01   9.6168E+02   2.0929E+00  -6.2540E-02   2.0938E+00   2.7273E+02   3.4406E-08   3.0741E+02   1.2313E+01  -3.6879E-01   1.1466E+00
 1.5513E-01  -3.7002E-02  -1.6600E-01   1.0432E+03   2.0895E+00  -8.6686E-02   2.0913E+00   2.7273E+02   3.4140E-08   3.0815E+02   1.2293E+01  -5.1106E-01   1.1459E+00
 1.4318E-01  -3.6428E-02  -1.5404E-01   1.1461E+03   2.0758E+00  -1.1378E-01   2.0789E+00   2.7273E+02   3.3420E-08   3.0832E+02   1.2213E+01  -6.7064E-01   1.1425E+00
 1.3181E-01  -3.5733E-02  -1.4264E-01   1.2663E+03   2.0458E+00  -1.3817E-01   2.0505E+00   2.7273E+02   3.2109E-08   3.0786E+02   1.2035E+01  -8.1422E-01   1.1347E+00
 1.2103E-01  -3.4945E-02  -1.3183E-01   1.3911E+03   2.0061E+00  -1.5776E-01   2.0123E+00   2.7273E+02   3.0521E-08   3.0705E+02   1.1801E+01  -9.2957E-01   1.1240E+00
 1.1084E-01  -3.4092E-02  -1.2161E-01   1.5095E+03   1.9671E+00  -1.7473E-01   1.9749E+00   2.7273E+02   2.9028E-08   3.0614E+02   1.1571E+01  -1.0291E+00   1.1135E+00
 1.0125E-01  -3.3188E-02  -1.1197E-01   1.6194E+03   1.9373E+00  -1.9331E-01   1.9470E+00   2.7273E+02   2.7816E-08   3.0509E+02   1.1395E+01  -1.1383E+00   1.1056E+00
 9.2252E-02  -3.2228E-02  -1.0292E-01   1.7413E+03   1.9107E+00  -2.1748E-01   1.9230E+00   2.7273E+02   2.6566E-08   3.0356E+02   1.1238E+01  -1.2809E+00   1.0987E+00
 8.3839E-02  -3.1202E-02  -9.4448E-02   1.9027E+03   1.8585E+00  -2.4221E-01   1.8742E+00   2.7273E+02   2.4543E-08   3.0123E+02   1.0930E+01  -1.4263E+00   1.0847E+00
 7.5995E-02  -3.0136E-02  -8.6532E-02   2.0650E+03   1.7809E+00  -2.5190E-01   1.7987E+00   2.7274E+02   2.2005E-08   2.9827E+02   1.0473E+01  -1.4830E+00   1.0626E+00
 6.8697E-02  -2.9077E-02  -7.9158E-02   2.1969E+03   1.7168E+00  -2.5576E-01   1.7358E+00   2.7274E+02   1.9991E-08   2.9525E+02   1.0095E+01  -1.5053E+00   1.0438E+00
 6.1927E-02  -2.8026E-02  -7.2306E-02   2.3242E+03   1.6723E+00  -2.7006E-01   1.6939E+00   2.7275E+02   1.8500E-08   2.9222E+02   9.8322E+00  -1.5889E+00   1.0311E+00
 5.5664E-02  -2.6961E-02  -6.5954E-02   2.4631E+03   1.6256E+00  -2.9110E-01   1.6515E+00   2.7275E+02   1.6944E-08   2.8841E+02   9.5578E+00  -1.7127E+00   1.0180E+00
 4.9889E-02  -2.5868E-02  -6.0076E-02   2.6173E+03   1.5675E+00  -3.1344E-01   1.5986E+00   2.7276E+02   1.5124E-08   2.8327E+02   9.2156E+00  -1.8450E+00   1.0016E+00
 4.4581E-02  -2.4746E-02  -5.4650E-02   2.7924E+03   1.4909E+00  -3.3290E-01   1.5276E+00   2.7277E+02   1.2989E-08   2.7669E+02   8.7643E+00  -1.9594E+00   9.7903E-01
 3.9713E-02  -2.3607E-02  -4.9650E-02   2.9834E+03   1.3891E+00  -3.4078E-01   1.4303E+00   2.7278E+02   1.0619E-08   2.6889E+02   8.1648E+00  -2.0048E+00   9.4732E-01
 3.5252E-02  -2.2477E-02  -4.5048E-02   3.1713E+03   1.2690E+00  -3.3209E-01   1.3117E+00   2.7279E+02   8.3263E-09   2.6032E+02   7.4573E+00  -1.9528E+00   9.0716E-01
 3.1167E-02  -2.1385E-02  -4.0820E-02   3.3399E+03   1.1472E+00  -3.1330E-01   1.1893E+00   2.7280E+02   6.4202E-09   2.5147E+02   6.7412E+00  -1.8416E+00   8.6376E-01
 2.7430E-02  -2.0343E-02  -3.6940E-02   3.4775E+03   1.0570E+00  -3.0103E-01   1.0990E+00   2.7282E+02   5.1210E-09   2.4270E+02   6.2100E+00  -1.7703E+00   8.3031E-01
 2.4025E-02  -1.9323E-02  -3.3386E-02   3.6230E+03   9.9680E-01  -3.1405E-01   1.0451E+00   2.7283E+02   4.2811E-09   2.3535E+02   5.8569E+00  -1.8473E+00   8.0962E-01
 2.0945E-02  -1.8283E-02  -3.0134E-02   3.7968E+03   9.1589E-01  -3.3164E-01   9.7408E-01   2.7283E+02   3.5237E-09   2.3226E+02   5.3826E+00  -1.9486E+00   7.8155E-01
 1.8167E-02  -1.7223E-02  -2.7160E-02   3.9680E+03   7.9876E-01  -3.2206E-01   8.6124E-01   2.7283E+02   2.6734E-09   2.3461E+02   4.6926E+00  -1.8932E+00   7.3492E-01
 1.5661E-02  -1.6177E-02  -2.4444E-02   4.1140E+03   6.6692E-01  -2.8821E-01   7.2653E-01   2.7282E+02   1.9292E-09   2.4160E+02   3.9161E+00  -1.6961E+00   6.7502E-01
 1.3398E-02  -1.5170E-02  -2.1967E-02   4.2305E+03   5.3046E-01  -2.4213E-01   5.8311E-01   2.7280E+02   1.3273E-09   2.5313E+02   3.1140E+00  -1.4251E+00   6.0473E-01
 1.1358E-02  -1.4203E-02  -1.9709E-02   4.3214E+03   3.6931E-01  -1.8152E-01   4.1151E-01   2.7278E+02   7.8649E-10   2.6819E+02   2.1676E+00  -1.0684E+00   5.0796E-01
 9.5287E-03  -1.3261E-02  -1.7651E-02   4.3780E+03   1.5872E-01  -8.5100E-02   1.8009E-01   2.7275E+02   2.6887E-10   2.8708E+02   9.3067E-01  -5.0225E-01   3.3572E-01
 7.8947E-03  -1.2336E-02  -1.5773E-02   4.3848E+03  -1.1208E-01   6.8358E-02   1.3128E-01   2.7272E+02   2.2486E-11   3.0916E+02  -6.6230E-01   3.9454E-01   2.8600E-01
 6.4437E-03  -1.1424E-02  -1.4059E-02   4.3233E+03  -4.6408E-01   3.1160E-01   5.5899E-01   2.7269E+02   5.6190E-10   3.3225E+02  -2.7337E+00   1.8201E+00   5.9181E-01
 5.1749E-03  -1.0518E-02  -1.2499E-02   4.1621E+03  -8.9882E-01   6.9204E-01   1.1344E+00   2.7266E+02   2.6529E-09   3.5604E+02  -5.2900E+00   4.0661E+00   8.4303E-01
 4.0910E-03  -9.6148E-03  -1.1087E-02   3.8703E+03  -1.3607E+00   1.2444E+00   1.8439E+00   2.7263E+02   9.6983E-09   3.7766E+02  -8.0322E+00   7.3144E+00   1.0746E+00
 3.1851E-03  -8.7126E-03  -9.8071E-03   3.4364E+03  -1.7528E+00   1.9450E+00   2.6183E+00   2.7261E+02   2.9002E-08   3.9422E+02  -1.0400E+01   1.1433E+01   1.2805E+00
 2.4437E-03  -7.8181E-03  -8.6439E-03   2.8842E+03  -2.0007E+00   2.7009E+00   3.3612E+00   2.7259E+02   6.2343E-08   4.0622E+02  -1.1894E+01   1.5925E+01   1.4512E+00
 1.8483E-03  -6.9450E-03  -7.5860E-03   2.2658E+03  -2.1077E+00   3.4396E+00   4.0340E+00   2.7258E+02   1.0596E-07   4.1583E+02  -1.2516E+01   2.0355E+01   1.5907E+00
 1.3789E-03  -6.1086E-03  -6.6260E-03   1.6142E+03  -2.0758E+00   4.1224E+00   4.6156E+00   2.7257E+02   1.5180E-07   4.2392E+02  -1.2333E+01   2.4447E+01   1.7025E+00
 1.0163E-03  -5.3186E-03  -5.7562E-03   9.7651E+02  -1.9143E+00   4.6737E+00   5.0505E+00   2.7256E+02   1.9366E-07   4.3140E+02  -1.1394E+01   2.7748E+01   1.7820E+00
 7.4033E-04  -4.5804E-03  -4.9676E-03   4.0612E+02  -1.6971E+00   5.0968E+00   5.3719E+00   2.7255E+02   2.3000E-07   4.4092E+02  -1.0126E+01   3.0281E+01   1.8389E+00
 5.3175E-04  -3.8960E-03  -4.2519E-03  -9.9663E+01  -1.4799E+00   5.4538E+00   5.6510E+00   2.7253E+02   2.6290E-07   4.5281E+02  -8.8414E+00   3.2426E+01   1.8871E+00
 3.7516E-04  -3.2654E-03  -3.6019E-03  -5.5252E+02  -1.2790E+00   5.7955E+00   5.9349E+00   2.7251E+02   3.0132E-07   4.6881E+02  -7.6492E+00   3.4486E+01   1.9352E+00
 2.5859E-04  -2.6870E-03  -3.0117E-03  -9.5794E+02  -1.0911E+00   6.1166E+00   6.2131E+00   2.7249E+02   3.4180E-07   4.8664E+02  -6.5341E+00   3.6427E+01   1.9814E+00
 1.7280E-04  -2.1584E-03  -2.4762E-03  -1.3207E+03  -9.1386E-01   6.4049E+00   6.4698E+00   2.7246E+02   3.8110E-07   5.0343E+02  -5.4817E+00   3.8175E+01   2.0232E+00
 1.1063E-04  -1.6768E-03  -1.9905E-03  -1.6459E+03  -7.4693E-01   6.6521E+00   6.6939E+00   2.7244E+02   4.1676E-07   5.1727E+02  -4.4892E+00   3.9677E+01   2.0592E+00
 6.6529E-05  -1.2389E-03  -1.5503E-03  -1.9380E+03  -5.9195E-01   6.8638E+00   6.8893E+00   2.7243E+02   4.4871E-07   5.2834E+02  -3.5652E+00   4.0966E+01   2.0901E+00
 3.6201E-05  -8.4142E-04  -1.1517E-03  -2.2012E+03  -4.4992E-01   7.0327E+00   7.0471E+00   2.7242E+02   4.7592E-07   5.3680E+02  -2.7082E+00   4.1998E+01   2.1148E+00
 1.6321E-05  -4.8117E-04  -7.9089E-04  -2.4344E+03  -3.4826E-01   7.2006E+00   7.2091E+00   2.7241E+02   5.0428E-07   5.4581E+02  -1.9328E+00   4.3033E+01   2.1399E+00
 4.3150E-06  -1.5497E-04  -4.6446E-04  -2.6497E+03  -2.3013E-01   7.3956E+00   7.3991E+00   2.7240E+02   5.3523E-07   5.5413E+02  -1.2314E+00   4.4226E+01   2.1689E+00
-1.8753E-06   1.5470E-04  -1.5472E-04  -2.8670E+03  -5.8358E-02   7.4946E+00   7.4949E+00   2.7239E+02   5.5287E-07   5.5593E+02  -5.4341E-01   4.4828E+01   2.1835E+00
-3.0505E-06   4.7981E-04   1.7040E-04  -3.0777E+03   6.9185E-02   7.6164E+00   7.6167E+00   2.7238E+02   5.7540E-07   5.6293E+02   1.8728E-01   4.5580E+01   2.2020E+00
 1.7265E-06   8.3785E-04   5.2849E-04  -3.3109E+03   1.7955E-01   7.8179E+00   7.8199E+00   2.7237E+02   6.1086E-07   5.7359E+02   1.0173E+00   4.6823E+01   2.2323E+00
 1.4234E-05   1.2320E-03   9.2287E-04  -3.5804E+03   3.3310E-01   8.0121E+00   8.0190E+00   2.7236E+02   6.4729E-07   5.8246E+02   1.9604E+00   4.8024E+01   2.2617E+00
 3.6632E-05   1.6658E-03   1.3572E-03  -3.8729E+03   5.0971E-01   8.1914E+00   8.2073E+00   2.7235E+02   6.8381E-07   5.9153E+02   3.0207E+00   4.9137E+01   2.2893E+00
 7.1530E-05   2.1428E-03   1.8356E-03  -4.1894E+03   7.0781E-01   8.3747E+00   8.4046E+00   2.7233E+02   7.2323E-07   6.0114E+02   4.2119E+00   5.0279E+01   2.3180E+00
 1.2205E-04   2.6672E-03   2.3624E-03  -4.5339E+03   9.2986E-01   8.5686E+00   8.6189E+00   2.7232E+02   7.6704E-07   6.1142E+02   5.5500E+00   5.1490E+01   2.3489E+00
 1.9192E-04   3.2432E-03   2.9427E-03  -4.9086E+03   1.1781E+00   8.7717E+00   8.8505E+00   2.7231E+02   8.1561E-07   6.2239E+02   7.0491E+00   5.2763E+01   2.3819E+00
 2.8552E-04   3.8754E-03   3.5818E-03  -5.3156E+03   1.4549E+00   8.9829E+00   9.0999E+00   2.7229E+02   8.6937E-07   6.3402E+02   8.7230E+00   5.4093E+01   2.4171E+00
 4.0800E-04   4.5684E-03   4.2857E-03  -5.7573E+03   1.7625E+00   9.2030E+00   9.3702E+00   2.7227E+02   9.2912E-07   6.4629E+02   1.0588E+01   5.5486E+01   2.4548E+00
 5.6529E-04   5.3273E-03   5.0608E-03  -6.2382E+03   2.1041E+00   9.4356E+00   9.6674E+00   2.7226E+02   9.9634E-07   6.5917E+02   1.2664E+01   5.6968E+01   2.4958E+00
 7.6423E-04   6.1571E-03   5.9142E-03  -6.7660E+03   2.4860E+00   9.6948E+00   1.0008E+01   2.7224E+02   1.0750E-06   6.7313E+02   1.4991E+01   5.8627E+01   2.5422E+00
 1.0125E-03   7.0628E-03   6.8534E-03  -7.3562E+03   2.9216E+00   1.0013E+01   1.0430E+01   2.7222E+02   1.1736E-06   6.8902E+02   1.7658E+01   6.0676E+01   2.5986E+00
 1.3190E-03   8.0490E-03   7.8864E-03  -8.0452E+03   3.4437E+00   1.0440E+01   1.0993E+01   2.7220E+02   1.3080E-06   7.0773E+02   2.0877E+01   6.3451E+01   2.6722E+00
 1.6964E-03   9.1192E-03   9.0214E-03  -8.8909E+03   4.0927E+00   1.0910E+01   1.1652E+01   2.7217E+02   1.4754E-06   7.2823E+02   2.4913E+01   6.6548E+01   2.7568E+00
 2.1626E-03   1.0275E-02   1.0268E-02  -9.8513E+03   4.8631E+00   1.1278E+01   1.2281E+01   2.7215E+02   1.6511E-06   7.4925E+02   2.9730E+01   6.9038E+01   2.8362E+00
 2.7414E-03   1.1513E-02   1.1636E-02  -1.0836E+04   5.7021E+00   1.1361E+01   1.2711E+01   2.7212E+02   1.7888E-06   7.6752E+02   3.4967E+01   6.9729E+01   2.8906E+00
 3.4605E-03   1.2831E-02   1.3138E-02  -1.1667E+04   6.4656E+00   1.1002E+01   1.2761E+01   2.7211E+02   1.8301E-06   7.7919E+02   3.9668E+01   6.7557E+01   2.8987E+00
 4.3452E-03   1.4225E-02   1.4789E-02  -1.2173E+04   7.0366E+00   1.0338E+01   1.2506E+01   2.7210E+02   1.7839E-06   7.8397E+02   4.3102E+01   6.3391E+01   2.8692E+00
 5.4154E-03   1.5691E-02   1.6605E-02  -1.2443E+04   7.4515E+00   9.5722E+00   1.2131E+01   2.7210E+02   1.6972E-06   7.8306E+02   4.5546E+01   5.8564E+01   2.8239E+00
 6.6880E-03   1.7226E-02   1.8600E-02  -1.2552E+04   7.7416E+00   8.8013E+00   1.1722E+01   2.7210E+02   1.5966E-06   7.7827E+02   4.7212E+01   5.3717E+01   2.7731E+00
 8.1762E-03   1.8823E-02   2.0784E-02  -1.2565E+04   7.9517E+00   8.0830E+00   1.1339E+01   2.7211E+02   1.5005E-06   7.7101E+02   4.8389E+01   4.9228E+01   2.7246E+00
 9.8966E-03   2.0477E-02   2.3171E-02  -1.2546E+04   8.0854E+00   7.3812E+00   1.0948E+01   2.7212E+02   1.4031E-06   7.6098E+02   4.9100E+01   4.4856E+01   2.6742E+00
 1.1870E-02   2.2186E-02   2.5783E-02  -1.2439E+04   8.1130E+00   6.6843E+00   1.0512E+01   2.7214E+02   1.2981E-06   7.4856E+02   4.9156E+01   4.0525E+01   2.6171E+00
 1.4116E-02   2.3949E-02   2.8639E-02  -1.2262E+04   8.1052E+00   6.0735E+00   1.0128E+01   2.7216E+02   1.2059E-06   7.3605E+02   4.9011E+01   3.6751E+01   2.5659E+00
 1.6654E-02   2.5764E-02   3.1759E-02  -1.2139E+04   8.1567E+00   5.5768E+00   9.8809E+00   2.7217E+02   1.1440E-06   7.2461E+02   4.9262E+01   3.3706E+01   2.5322E+00
 1.9509E-02   2.7616E-02   3.5163E-02  -1.2120E+04   8.2069E+00   5.0624E+00   9.6427E+00   2.7219E+02   1.0881E-06   7.1259E+02   4.9513E+01   3.0562E+01   2.4995E+00
 2.2715E-02   2.9479E-02   3.8873E-02  -1.1992E+04   8.0637E+00   4.4225E+00   9.1969E+00   2.7220E+02   9.9525E-07   6.9720E+02   4.8552E+01   2.6641E+01   2.4382E+00
 2.6304E-02   3.1332E-02   4.2914E-02  -1.1570E+04   7.6875E+00   3.7445E+00   8.5509E+00   2.7223E+02   8.6795E-07   6.7781E+02   4.6148E+01   2.2487E+01   2.3473E+00
 3.0294E-02   3.3173E-02   4.7308E-02  -1.0966E+04   7.2368E+00   3.1673E+00   7.8995E+00   2.7226E+02   7.4264E-07   6.5507E+02   4.3318E+01   1.8971E+01   2.2523E+00
 3.4700E-02   3.5005E-02   5.2081E-02  -1.0415E+04   6.8512E+00   2.7119E+00   7.3684E+00   2.7229E+02   6.4392E-07   6.3288E+02   4.0923E+01   1.6203E+01   2.1721E+00
 3.9544E-02   3.6830E-02   5.7258E-02  -9.9102E+03   6.5019E+00   2.3363E+00   6.9089E+00   2.7231E+02   5.6367E-07   6.1244E+02   3.8767E+01   1.3932E+01   2.1008E+00
 4.4843E-02   3.8651E-02   6.2862E-02  -9.4242E+03   6.2036E+00   2.0403E+00   6.5305E+00   2.7234E+02   5.0062E-07   5.9428E+02   3.6935E+01   1.2152E+01   2.0404E+00
 5.0620E-02   4.0467E-02   6.8917E-02  -9.0270E+03   5.9756E+00   1.7986E+00   6.2404E+00   2.7236E+02   4.5380E-07   5.7826E+02   3.5541E+01   1.0700E+01   1.9931E+00
 5.6897E-02   4.2266E-02   7.5448E-02  -8.6822E+03   5.7572E+00   1.5718E+00   5.9679E+00   2.7238E+02   4.1277E-07   5.6337E+02   3.4211E+01   9.3406E+00   1.9479E+00
 6.3701E-02   4.4028E-02   8.2477E-02  -8.3085E+03   5.5040E+00   1.3551E+00   5.6683E+00   2.7240E+02   3.7081E-07   5.4862E+02   3.2673E+01   8.0434E+00   1.8971E+00
 7.1050E-02   4.5750E-02   9.0026E-02  -7.8959E+03   5.2436E+00   1.1701E+00   5.3725E+00   2.7242E+02   3.3106E-07   5.3406E+02   3.1097E+01   6.9386E+00   1.8458E+00
 7.8960E-02   4.7437E-02   9.8114E-02  -7.5099E+03   5.0264E+00   1.0261E+00   5.1301E+00   2.7244E+02   2.9912E-07   5.2053E+02   2.9786E+01   6.0797E+00   1.8028E+00
 8.7441E-02   4.9097E-02   1.0676E-01  -7.1952E+03   4.8770E+00   9.1677E-01   4.9624E+00   2.7245E+02   2.7705E-07   5.0890E+02   2.8886E+01   5.4289E+00   1.7724E+00
 9.6507E-02   5.0722E-02   1.1597E-01  -6.9698E+03   4.7772E+00   8.1732E-01   4.8466E+00   2.7247E+02   2.6203E-07   4.9878E+02   2.8286E+01   4.8390E+00   1.7511E+00
 1.0617E-01   5.2272E-02   1.2575E-01  -6.7755E+03   4.6413E+00   6.9878E-01   4.6936E+00   2.7248E+02   2.4449E-07   4.8869E+02   2.7469E+01   4.1344E+00   1.7228E+00
 1.1643E-01   5.3726E-02   1.3612E-01  -6.4827E+03   4.4631E+00   5.9498E-01   4.5026E+00   2.7249E+02   2.2365E-07   4.7838E+02   2.6400E+01   3.5176E+00   1.6868E+00
 1.2729E-01   5.5094E-02   1.4707E-01  -6.2099E+03   4.3257E+00   5.1531E-01   4.3563E+00   2.7251E+02   2.0736E-07   4.6865E+02   2.5577E+01   3.0457E+00   1.6587E+00
 1.3874E-01   5.6371E-02   1.5858E-01  -6.0112E+03   4.2243E+00   4.4152E-01   4.2473E+00   2.7252E+02   1.9538E-07   4.5985E+02   2.4970E+01   2.6090E+00   1.6375E+00
 1.5075E-01   5.7534E-02   1.7065E-01  -5.8272E+03   4.1207E+00   3.6874E-01   4.1372E+00   2.7253E+02   1.8408E-07   4.5162E+02   2.4351E+01   2.1780E+00   1.6158E+00
 1.6332E-01   5.8565E-02   1.8326E-01  -5.6350E+03   4.0122E+00   3.0100E-01   4.0235E+00   2.7254E+02   1.7287E-07   4.4370E+02   2.3703E+01   1.7772E+00   1.5932E+00
 1.7640E-01   5.9456E-02   1.9637E-01  -5.4492E+03   3.9152E+00   2.4102E-01   3.9226E+00   2.7255E+02   1.6302E-07   4.3625E+02   2.3123E+01   1.4228E+00   1.5728E+00
 1.8996E-01   6.0197E-02   2.0995E-01  -5.2915E+03   3.8339E+00   1.8411E-01   3.8383E+00   2.7256E+02   1.5488E-07   4.2931E+02   2.2639E+01   1.0867E+00   1.5556E+00
 2.0395E-01   6.0765E-02   2.2395E-01  -5.1508E+03   3.7518E+00   1.2555E-01   3.7539E+00   2.7257E+02   1.4710E-07   4.2262E+02   2.2150E+01   7.4080E-01   1.5382E+00
 2.1832E-01   6.1139E-02   2.3833E-01  -4.9989E+03   3.6584E+00   6.8717E-02   3.6590E+00   2.7258E+02   1.3873E-07   4.1595E+02   2.1593E+01   4.0516E-01   1.5184E+00
 2.3301E-01   6.1313E-02   2.5303E-01  -4.8389E+03   3.5675E+00   1.8046E-02   3.5676E+00   2.7259E+02   1.3079E-07   4.0949E+02   2.1052E+01   1.0630E-01   1.4991E+00
 2.4796E-01   6.1287E-02   2.6798E-01  -4.6980E+03   3.4918E+00  -2.9449E-02   3.4920E+00   2.7260E+02   1.2426E-07   4.0352E+02   2.0602E+01  -1.7374E-01   1.4830E+00
 2.6310E-01   6.1051E-02   2.8311E-01  -4.5774E+03   3.4251E+00  -7.7660E-02   3.4260E+00   2.7260E+02   1.1871E-07   3.9802E+02   2.0205E+01  -4.5799E-01   1.4688E+00
 2.7834E-01   6.0588E-02   2.9836E-01  -4.4634E+03   3.3567E+00  -1.2800E-01   3.3591E+00   2.7261E+02   1.1330E-07   3.9270E+02   1.9799E+01  -7.5469E-01   1.4542E+00
 2.9361E-01   5.9876E-02   3.1365E-01  -4.3448E+03   3.2759E+00  -1.8067E-01   3.2808E+00   2.7262E+02   1.0727E-07   3.8723E+02   1.9319E+01  -1.0651E+00   1.4370E+00
 3.0884E-01   5.8901E-02   3.2891E-01  -4.2066E+03   3.1800E+00  -2.3186E-01   3.1884E+00   2.7263E+02   1.0040E-07   3.8148E+02   1.8750E+01  -1.3665E+00   1.4165E+00
 3.2394E-01   5.7665E-02   3.4406E-01  -4.0562E+03   3.0816E+00  -2.8059E-01   3.0944E+00   2.7263E+02   9.3563E-08   3.7553E+02   1.8166E+01  -1.6532E+00   1.3953E+00
 3.3884E-01   5.6149E-02   3.5904E-01  -3.9107E+03   2.9637E+00  -3.3418E-01   2.9825E+00   2.7264E+02   8.5880E-08   3.6874E+02   1.7467E+01  -1.9685E+00   1.3696E+00
 3.5345E-01   5.4322E-02   3.7377E-01  -3.7118E+03   2.7772E+00  -3.8217E-01   2.8033E+00   2.7265E+02   7.4649E-08   3.6024E+02   1.6360E+01  -2.2502E+00   1.3277E+00
 3.6772E-01   5.2219E-02   3.8819E-01  -3.4112E+03   2.5628E+00  -4.0416E-01   2.5945E+00   2.7267E+02   6.2335E-08   3.5058E+02   1.5092E+01  -2.3779E+00   1.2770E+00
 3.8158E-01   4.9907E-02   4.0224E-01  -3.1317E+03   2.3658E+00  -4.1760E-01   2.4024E+00   2.7268E+02   5.1717E-08   3.4052E+02   1.3927E+01  -2.4561E+00   1.2286E+00
 3.9498E-01   4.7425E-02   4.1587E-01  -2.8501E+03   2.1613E+00  -4.2032E-01   2.2018E+00   2.7270E+02   4.1805E-08   3.3007E+02   1.2718E+01  -2.4711E+00   1.1760E+00
 4.0789E-01   4.4825E-02   4.2904E-01  -2.5508E+03   1.9610E+00  -4.0968E-01   2.0034E+00   2.7271E+02   3.2970E-08   3.1939E+02   1.1536E+01  -2.4074E+00   1.1216E+00
 4.2028E-01   4.2164E-02   4.4171E-01  -2.2738E+03   1.7796E+00  -3.9436E-01   1.8228E+00   2.7272E+02   2.5715E-08   3.0889E+02   1.0466E+01  -2.3167E+00   1.0698E+00
 4.3212E-01   3.9478E-02   4.5385E-01  -2.0103E+03   1.6036E+00  -3.7369E-01   1.6466E+00   2.7274E+02   1.9500E-08   2.9853E+02   9.4279E+00  -2.1945E+00   1.0166E+00
 4.4339E-01   3.6811E-02   4.6543E-01  -1.7510E+03   1.4423E+00  -3.4739E-01   1.4836E+00   2.7275E+02   1.4409E-08   2.8869E+02   8.4776E+00  -2.0395E+00   9.6492E-01
 4.5409E-01   3.4210E-02   4.7645E-01  -1.5211E+03   1.3123E+00  -3.2262E-01   1.3514E+00   2.7276E+02   1.0643E-08   2.7979E+02   7.7122E+00  -1.8940E+00   9.2088E-01
 4.6422E-01   3.1693E-02   4.8689E-01  -1.3262E+03   1.1978E+00  -3.0152E-01   1.2352E+00   2.7278E+02   7.7279E-09   2.7133E+02   7.0385E+00  -1.7699E+00   8.8036E-01
 4.7377E-01   2.9259E-02   4.9674E-01  -1.1413E+03   1.0754E+00  -2.7826E-01   1.1108E+00   2.7279E+02   5.1572E-09   2.6287E+02   6.3182E+00  -1.6331E+00   8.3483E-01
 4.8276E-01   2.6920E-02   5.0603E-01  -9.5391E+02   9.5943E-01  -2.5215E-01   9.9201E-01   2.7280E+02   3.0765E-09   2.5482E+02   5.6361E+00  -1.4796E+00   7.8890E-01
 4.9118E-01   2.4699E-02   5.1474E-01  -7.9023E+02   8.6433E-01  -2.2923E-01   8.9421E-01   2.7281E+02   1.6457E-09   2.4744E+02   5.0770E+00  -1.3451E+00   7.4899E-01
 4.9906E-01   2.2603E-02   5.2289E-01  -6.4637E+02   7.7988E-01  -2.0844E-01   8.0725E-01   2.7282E+02   6.5702E-10   2.4062E+02   4.5806E+00  -1.2231E+00   7.1162E-01
 5.0641E-01   2.0634E-02   5.3050E-01  -5.1555E+02   7.0277E-01  -1.8888E-01   7.2771E-01   2.7283E+02   2.2860E-10   2.3430E+02   4.1274E+00  -1.1083E+00   6.7565E-01
 5.1326E-01   1.8792E-02   5.3760E-01  -3.9829E+02   6.3458E-01  -1.7109E-01   6.5724E-01   2.7283E+02   2.4573E-10   2.2851E+02   3.7267E+00  -1.0039E+00   6.4209E-01
 5.1962E-01   1.7077E-02   5.4419E-01  -2.9413E+02   5.7484E-01  -1.5516E-01   5.9542E-01   2.7284E+02   2.3466E-10   2.2327E+02   3.3758E+00  -9.1047E-01   6.1114E-01
 5.2552E-01   1.5486E-02   5.5030E-01  -2.0198E+02   5.2289E-01  -1.4106E-01   5.4158E-01   2.7285E+02   2.2376E-10   2.1855E+02   3.0706E+00  -8.2780E-01   5.8285E-01
 5.3098E-01   1.4014E-02   5.5595E-01  -1.2094E+02   4.7746E-01  -1.2873E-01   4.9451E-01   2.7285E+02   2.2660E-10   2.1427E+02   2.8037E+00  -7.5548E-01   5.5694E-01
 5.3603E-01   1.2654E-02   5.6118E-01  -4.9405E+01   4.3655E-01  -1.1778E-01   4.5216E-01   2.7286E+02   2.4206E-10   2.1033E+02   2.5634E+00  -6.9123E-01   5.3255E-01
 5.4068E-01   1.1399E-02   5.6600E-01   1.4249E+01   3.9925E-01  -1.0789E-01   4.1357E-01   2.7286E+02   2.3170E-10   2.0668E+02   2.3443E+00  -6.3324E-01   5.0931E-01
 5.4497E-01   1.0240E-02   5.7043E-01   7.0835E+01   3.6555E-01  -9.8994E-02   3.7871E-01   2.7287E+02   2.1997E-10   2.0334E+02   2.1464E+00  -5.8106E-01   4.8737E-01
 5.4891E-01   9.1726E-03   5.7452E-01   1.2101E+02   3.3533E-01  -9.1022E-02   3.4746E-01   2.7287E+02   2.1154E-10   2.0028E+02   1.9689E+00  -5.3429E-01   4.6682E-01
 5.5252E-01   8.1899E-03   5.7826E-01   1.6539E+02   3.0836E-01  -8.3905E-02   3.1957E-01   2.7288E+02   2.0620E-10   1.9750E+02   1.8106E+00  -4.9254E-01   4.4769E-01
 5.5584E-01   7.2863E-03   5.8170E-01   2.0456E+02   2.8432E-01  -7.7548E-02   2.9471E-01   2.7288E+02   2.0336E-10   1.9499E+02   1.6694E+00  -4.5524E-01   4.2992E-01
 5.5888E-01   6.4567E-03   5.8485E-01   2.3914E+02   2.6315E-01  -7.1893E-02   2.7279E-01   2.7288E+02   2.0306E-10   1.9277E+02   1.5451E+00  -4.2206E-01   4.1362E-01
 5.6166E-01   5.6964E-03   5.8774E-01   2.6949E+02   2.4486E-01  -6.6950E-02   2.5385E-01   2.7289E+02   2.0447E-10   1.9083E+02   1.4377E+00  -3.9306E-01   3.9900E-01
 5.6421E-01   5.0008E-03   5.9038E-01   2.9605E+02   2.2910E-01  -6.2647E-02   2.3752E-01   2.7289E+02   2.0519E-10   1.8914E+02   1.3452E+00  -3.6781E-01   3.8594E-01
 5.6653E-01   4.3652E-03   5.9279E-01   3.1928E+02   2.1563E-01  -5.8936E-02   2.2354E-01   2.7289E+02   2.0064E-10   1.8768E+02   1.2660E+00  -3.4603E-01   3.7441E-01
 5.6866E-01   3.7852E-03   5.9499E-01   3.3954E+02   2.0406E-01  -5.5729E-02   2.1153E-01   2.7289E+02   1.9480E-10   1.8644E+02   1.1981E+00  -3.2720E-01   3.6422E-01
 5.7059E-01   3.2564E-03   5.9699E-01   3.5727E+02   1.9443E-01  -5.3043E-02   2.0154E-01   2.7289E+02   1.8830E-10   1.8537E+02   1.1416E+00  -3.1144E-01   3.5551E-01
 5.7236E-01   2.7747E-03   5.9883E-01   3.7261E+02   1.8612E-01  -5.0714E-02   1.9290E-01   2.7290E+02   1.8377E-10   1.8452E+02   1.0928E+00  -2.9776E-01   3.4781E-01
 5.7397E-01   2.3363E-03   6.0049E-01   3.8615E+02   1.7992E-01  -4.8964E-02   1.8647E-01   2.7290E+02   1.7718E-10   1.8377E+02   1.0564E+00  -2.8748E-01   3.4196E-01
 5.7544E-01   1.9374E-03   6.0201E-01   3.9752E+02   1.7400E-01  -4.7290E-02   1.8031E-01   2.7290E+02   1.7554E-10   1.8332E+02   1.0216E+00  -2.7764E-01   3.3627E-01
 5.7677E-01   1.5748E-03   6.0340E-01   4.0800E+02   1.7202E-01  -4.6691E-02   1.7824E-01   2.7290E+02   1.6615E-10   1.8280E+02   1.0100E+00  -2.7411E-01   3.3433E-01
 5.7799E-01   1.2452E-03   6.0466E-01   4.1574E+02   1.6683E-01  -4.5222E-02   1.7285E-01   2.7290E+02   1.6994E-10   1.8305E+02   9.7951E-01  -2.6549E-01   3.2922E-01
 5.7909E-01   9.4573E-04   6.0580E-01   4.2456E+02   1.7330E-01  -4.6929E-02   1.7954E-01   2.7290E+02   1.4719E-10   1.8247E+02   1.0175E+00  -2.7543E-01   3.3550E-01
 5.8010E-01   6.7377E-04   6.0684E-01   4.2765E+02   1.6255E-01  -4.3953E-02   1.6839E-01   2.7290E+02   1.8622E-10   1.8449E+02   9.5441E-01  -2.5802E-01   3.2485E-01
 5.8101E-01   4.2685E-04   6.0779E-01   4.3791E+02   1.9454E-01  -5.2593E-02   2.0152E-01   2.7290E+02   1.4067E-10   1.8272E+02   1.1423E+00  -3.0845E-01   3.5528E-01
 5.8184E-01   2.0272E-04   6.0865E-01   4.3112E+02   1.5100E-01  -4.0697E-02   1.5639E-01   2.7289E+02   2.3332E-10   1.9053E+02   8.8649E-01  -2.3910E-01   3.1269E-01
 5.8260E-01  -6.8508E-07   6.0943E-01   4.5278E+02   2.7988E-01  -7.5776E-02   2.8995E-01   2.7290E+02   1.6078E-10   1.8232E+02   1.6440E+00  -4.4291E-01   4.2589E-01
 5.8328E-01  -1.8524E-04   6.1014E-01   4.1463E+02   4.0390E-02  -8.0952E-03   4.1194E-02   2.7285E+02   3.5816E-10   2.1558E+02   2.2990E-01  -6.1875E-02   1.5470E-01
 5.8390E-01  -3.5267E-04   6.1079E-01   5.0319E+02   2.3331E+00  -5.6164E-01   2.3997E+00   2.7175E+02   3.7701E-07   2.2319E+02   3.0139E+00  -8.1039E-01   2.6537E+00
 5.8420E-01  -7.7747E-04   6.1144E-01   2.8116E+02  -9.1682E-02  -1.2323E+00   1.2357E+00   2.7241E+02   5.0802E-08   1.3474E+02   0.0000E+00  -1.8147E+00   1.7634E+00
 5.8420E-01  -1.4678E-03   6.1213E-01   4.1268E+02  -3.1697E-02   4.9080E-01   4.9182E-01   2.7294E+02   6.3372E-10   1.5386E+02  -0.0000E+00   2.8565E+00   5.5604E-01
 5.8420E-01  -2.1581E-03   6.1282E-01   3.8131E+02  -1.0368E-04  -7.2129E-02   7.2129E-02   2.7277E+02   7.5630E-10   2.7700E+02   0.0000E+00  -4.2335E-01   1.6656E-01
 5.8420E-01  -2.8485E-03   6.1351E-01   4.1295E+02  -7.7389E-04  -5.3676E-02   5.3682E-02   2.7278E+02   6.4911E-10   2.6613E+02   0.0000E+00  -3.1511E-01   2.5969E-01
 5.8420E-01  -3.5388E-03   6.1420E-01   3.9213E+02  -9.7563E-03  -2.6352E-01   2.6370E-01   2.7278E+02   8.7898E-10   2.6109E+02   0.0000E+00  -1.5094E+00   4.0484E-01
 5.8420E-01  -4.2291E-03   6.1489E-01   3.8087E+02   2.4089E-02  -1.0375E+00   1.0378E+00   2.7167E+02   3.1905E-07   1.7859E+02   0.0000E+00  -1.0195E+00   1.9423E+00
