#        X=           Y=           S=           P=           U=           V=         Vel=           T=         mut=         hcv=          Ax=          Ay=       Yplus=
 5.2812E-01  -1.0736E-03  -5.3859E-01   3.6701E+02   2.8837E+01   5.3438E+00   2.9328E+01   2.6763E+02   2.4776E-04   1.0982E+02   4.8798E+00   6.5034E-01   3.7071E+01
 5.1741E-01  -2.8739E-03  -5.2772E-01   4.4120E+02   3.4225E+01   4.5883E+00   3.4531E+01   2.6757E+02   2.8293E-04   1.2245E+02   6.3510E+00   9.5442E-01   4.1936E+01
 5.0643E-01  -4.3344E-03  -5.1665E-01   3.0199E+02   3.4863E+01   4.5250E+00   3.5156E+01   2.6756E+02   2.8725E-04   1.2407E+02   6.5603E+00   8.6542E-01   4.2533E+01
 4.9528E-01  -5.7903E-03  -5.0540E-01   2.5293E+02   3.6295E+01   4.6093E+00   3.6586E+01   2.6753E+02   2.9736E-04   1.2786E+02   7.0094E+00   9.0250E-01   4.3929E+01
 4.8396E-01  -7.2276E-03  -4.9399E-01   1.9201E+02   3.7168E+01   4.6047E+00   3.7453E+01   2.6751E+02   3.0354E-04   1.3032E+02   7.2916E+00   9.1458E-01   4.4782E+01
 4.7249E-01  -8.6489E-03  -4.8243E-01   1.4353E+02   3.8016E+01   4.5998E+00   3.8293E+01   2.6749E+02   3.0946E-04   1.3272E+02   7.5691E+00   9.2673E-01   4.5602E+01
 4.6088E-01  -1.0053E-02  -4.7074E-01   9.6587E+01   3.8761E+01   4.5811E+00   3.9031E+01   2.6747E+02   3.1463E-04   1.3488E+02   7.8164E+00   9.3413E-01   4.6317E+01
 4.4916E-01  -1.1436E-02  -4.5894E-01   5.5926E+01   3.9445E+01   4.5402E+00   3.9705E+01   2.6745E+02   3.1935E-04   1.3691E+02   8.0461E+00   9.3697E-01   4.6972E+01
 4.3735E-01  -1.2793E-02  -4.4705E-01   2.1327E+01   4.0050E+01   4.4866E+00   4.0300E+01   2.6743E+02   3.2355E-04   1.3877E+02   8.2523E+00   9.3542E-01   4.7555E+01
 4.2546E-01  -1.4123E-02  -4.3508E-01  -1.2793E+01   4.0615E+01   4.4349E+00   4.0856E+01   2.6740E+02   3.2743E-04   1.4056E+02   8.4463E+00   9.3250E-01   4.8094E+01
 4.1351E-01  -1.5425E-02  -4.2306E-01  -4.3397E+01   4.1158E+01   4.3711E+00   4.1389E+01   2.6738E+02   3.3114E-04   1.4232E+02   8.6344E+00   9.2773E-01   4.8610E+01
 4.0152E-01  -1.6695E-02  -4.1101E-01  -7.1352E+01   4.1673E+01   4.3014E+00   4.1894E+01   2.6736E+02   3.3465E-04   1.4403E+02   8.8141E+00   9.2077E-01   4.9098E+01
 3.8953E-01  -1.7931E-02  -3.9895E-01  -9.9613E+01   4.2182E+01   4.2302E+00   4.2393E+01   2.6734E+02   3.3806E-04   1.4574E+02   8.9926E+00   9.1281E-01   4.9574E+01
 3.7753E-01  -1.9130E-02  -3.8690E-01  -1.2579E+02   4.2687E+01   4.1467E+00   4.2888E+01   2.6731E+02   3.4141E-04   1.4748E+02   9.1707E+00   9.0259E-01   5.0042E+01
 3.6557E-01  -2.0288E-02  -3.7488E-01  -1.4851E+02   4.3176E+01   4.0541E+00   4.3366E+01   2.6728E+02   3.4464E-04   1.4919E+02   9.3442E+00   8.8992E-01   5.0494E+01
 3.5365E-01  -2.1404E-02  -3.6291E-01  -1.7318E+02   4.3674E+01   3.9634E+00   4.3853E+01   2.6726E+02   3.4788E-04   1.5095E+02   9.5216E+00   8.7692E-01   5.0948E+01
 3.4180E-01  -2.2477E-02  -3.5101E-01  -1.9957E+02   4.4197E+01   3.8587E+00   4.4365E+01   2.6723E+02   3.5119E-04   1.5281E+02   9.7076E+00   8.6133E-01   5.1413E+01
 3.3004E-01  -2.3499E-02  -3.3921E-01  -2.1780E+02   4.4692E+01   3.7271E+00   4.4847E+01   2.6720E+02   3.5432E-04   1.5459E+02   9.8850E+00   8.4011E-01   5.1853E+01
 3.1839E-01  -2.4468E-02  -3.2751E-01  -2.3509E+02   4.5158E+01   3.6039E+00   4.5301E+01   2.6717E+02   3.5724E-04   1.5637E+02   1.0053E+01   8.1762E-01   5.2264E+01
 3.0686E-01  -2.5385E-02  -3.1595E-01  -2.5560E+02   4.5658E+01   3.4831E+00   4.5791E+01   2.6714E+02   3.6030E-04   1.5831E+02   1.0233E+01   7.9643E-01   5.2697E+01
 2.9547E-01  -2.6251E-02  -3.0453E-01  -2.7545E+02   4.6192E+01   3.3420E+00   4.6313E+01   2.6711E+02   3.6352E-04   1.6021E+02   1.0426E+01   7.7244E-01   5.3152E+01
 2.8425E-01  -2.7061E-02  -2.9327E-01  -2.9422E+02   4.6734E+01   3.1838E+00   4.6843E+01   2.6707E+02   3.6673E-04   1.6230E+02   1.0622E+01   7.4362E-01   5.3607E+01
 2.7320E-01  -2.7811E-02  -2.8220E-01  -3.1079E+02   4.7276E+01   3.0101E+00   4.7372E+01   2.6703E+02   3.6988E-04   1.6449E+02   1.0819E+01   7.1061E-01   5.4055E+01
 2.6234E-01  -2.8501E-02  -2.7131E-01  -3.2575E+02   4.7818E+01   2.8249E+00   4.7901E+01   2.6700E+02   3.7298E-04   1.6647E+02   1.1016E+01   6.7402E-01   5.4495E+01
 2.5168E-01  -2.9128E-02  -2.6064E-01  -3.3860E+02   4.8365E+01   2.6276E+00   4.8437E+01   2.6695E+02   3.7607E-04   1.6879E+02   1.1216E+01   6.3464E-01   5.4936E+01
 2.4124E-01  -2.9695E-02  -2.5018E-01  -3.5304E+02   4.8935E+01   2.4208E+00   4.8994E+01   2.6691E+02   3.7922E-04   1.7113E+02   1.1424E+01   5.9238E-01   5.5387E+01
 2.3103E-01  -3.0200E-02  -2.3996E-01  -3.6531E+02   4.9522E+01   2.1894E+00   4.9571E+01   2.6687E+02   3.8242E-04   1.7338E+02   1.1639E+01   5.4514E-01   5.5845E+01
 2.2105E-01  -3.0641E-02  -2.2997E-01  -3.7532E+02   5.0110E+01   1.9392E+00   5.0148E+01   2.6681E+02   3.8558E-04   1.7615E+02   1.1856E+01   4.9234E-01   5.6301E+01
 2.1132E-01  -3.1019E-02  -2.2023E-01  -3.8423E+02   5.0703E+01   1.6735E+00   5.0731E+01   2.6676E+02   3.8871E-04   1.7857E+02   1.2074E+01   4.3494E-01   5.6750E+01
 2.0184E-01  -3.1334E-02  -2.1075E-01  -3.9064E+02   5.1298E+01   1.3874E+00   5.1317E+01   2.6672E+02   3.9179E-04   1.8098E+02   1.2294E+01   3.7226E-01   5.7194E+01
 1.9262E-01  -3.1586E-02  -2.0153E-01  -3.9298E+02   5.1886E+01   1.0830E+00   5.1898E+01   2.6664E+02   3.9483E-04   1.8425E+02   1.2513E+01   3.0466E-01   5.7636E+01
 1.8367E-01  -3.1777E-02  -1.9257E-01  -3.9595E+02   5.2488E+01   7.6858E-01   5.2493E+01   2.6658E+02   3.9792E-04   1.8702E+02   1.2738E+01   2.3401E-01   5.8083E+01
 1.7498E-01  -3.1911E-02  -1.8388E-01  -4.0095E+02   5.3117E+01   4.2947E-01   5.3119E+01   2.6654E+02   4.0108E-04   1.8936E+02   1.2975E+01   1.5732E-01   5.8538E+01
 1.6657E-01  -3.1986E-02  -1.7547E-01  -3.9748E+02   5.3726E+01   4.9201E-02   5.3726E+01   2.6645E+02   4.0410E-04   1.9317E+02   1.3204E+01   7.1050E-02   5.8983E+01
 1.5843E-01  -3.2001E-02  -1.6733E-01  -3.8996E+02   5.4301E+01  -3.3798E-01   5.4302E+01   2.6637E+02   4.0695E-04   1.9671E+02   1.3421E+01  -2.0201E-02   5.9403E+01
 1.5056E-01  -3.1962E-02  -1.5946E-01  -3.8367E+02   5.4888E+01  -7.3341E-01   5.4893E+01   2.6634E+02   4.0987E-04   1.9870E+02   1.3646E+01  -1.1279E-01   5.9823E+01
 1.4296E-01  -3.1874E-02  -1.5187E-01  -3.7941E+02   5.5498E+01  -1.1586E+00   5.5510E+01   2.6624E+02   4.1285E-04   2.0278E+02   1.3880E+01  -2.1216E-01   6.0263E+01
 1.3564E-01  -3.1735E-02  -1.4454E-01  -3.6554E+02   5.6076E+01  -1.6289E+00   5.6100E+01   2.6613E+02   4.1566E-04   2.0706E+02   1.4103E+01  -3.2195E-01   6.0683E+01
 1.2859E-01  -3.1547E-02  -1.3749E-01  -3.4817E+02   5.6613E+01  -2.1045E+00   5.6652E+01   2.6609E+02   4.1830E-04   2.0951E+02   1.4313E+01  -4.3640E-01   6.1067E+01
 1.2181E-01  -3.1315E-02  -1.3070E-01  -3.3185E+02   5.7157E+01  -2.5944E+00   5.7216E+01   2.6599E+02   4.2101E-04   2.1338E+02   1.4527E+01  -5.5253E-01   6.1469E+01
 1.1529E-01  -3.1042E-02  -1.2418E-01  -3.1811E+02   5.7716E+01  -3.1192E+00   5.7800E+01   2.6589E+02   4.2375E-04   2.1768E+02   1.4749E+01  -6.7641E-01   6.1879E+01
 1.0903E-01  -3.0730E-02  -1.1791E-01  -2.9699E+02   5.8238E+01  -3.6951E+00   5.8355E+01   2.6580E+02   4.2624E-04   2.2125E+02   1.4956E+01  -8.1278E-01   6.2250E+01
 1.0303E-01  -3.0377E-02  -1.1190E-01  -2.6821E+02   5.8686E+01  -4.2875E+00   5.8843E+01   2.6571E+02   4.2835E-04   2.2499E+02   1.5135E+01  -9.5609E-01   6.2570E+01
 9.7275E-02  -2.9988E-02  -1.0613E-01  -2.3728E+02   5.9091E+01  -4.8840E+00   5.9292E+01   2.6562E+02   4.3025E-04   2.2873E+02   1.5296E+01  -1.1002E+00   6.2860E+01
 9.1769E-02  -2.9568E-02  -1.0061E-01  -2.0380E+02   5.9470E+01  -5.4992E+00   5.9724E+01   2.6552E+02   4.3203E-04   2.3244E+02   1.5450E+01  -1.2462E+00   6.3134E+01
 8.6502E-02  -2.9121E-02  -9.5322E-02  -1.6982E+02   5.9829E+01  -6.1382E+00   6.0143E+01   2.6541E+02   4.3369E-04   2.3671E+02   1.5596E+01  -1.3967E+00   6.3395E+01
 8.1469E-02  -2.8647E-02  -9.0267E-02  -1.3392E+02   6.0163E+01  -6.8073E+00   6.0547E+01   2.6531E+02   4.3515E-04   2.4025E+02   1.5732E+01  -1.5529E+00   6.3625E+01
 7.6663E-02  -2.8151E-02  -8.5436E-02  -9.6355E+01   6.0454E+01  -7.5079E+00   6.0919E+01   2.6522E+02   4.3631E-04   2.4353E+02   1.5848E+01  -1.7173E+00   6.3812E+01
 7.2078E-02  -2.7631E-02  -8.0821E-02  -4.8119E+01   6.0673E+01  -8.2364E+00   6.1230E+01   2.6509E+02   4.3709E-04   2.4817E+02   1.5936E+01  -1.8867E+00   6.3955E+01
 6.7708E-02  -2.7091E-02  -7.6417E-02  -2.8594E+00   6.0848E+01  -8.9606E+00   6.1505E+01   2.6499E+02   4.3756E-04   2.5144E+02   1.6004E+01  -2.0565E+00   6.4050E+01
 6.3544E-02  -2.6535E-02  -7.2217E-02   4.7898E+01   6.0986E+01  -9.7181E+00   6.1756E+01   2.6491E+02   4.3775E-04   2.5421E+02   1.6055E+01  -2.2294E+00   6.4102E+01
 5.9581E-02  -2.5964E-02  -6.8213E-02   9.8992E+01   6.1073E+01  -1.0491E+01   6.1968E+01   2.6476E+02   4.3754E-04   2.5866E+02   1.6083E+01  -2.4064E+00   6.4111E+01
 5.5811E-02  -2.5380E-02  -6.4398E-02   1.5548E+02   6.1099E+01  -1.1286E+01   6.2133E+01   2.6465E+02   4.3686E-04   2.6185E+02   1.6081E+01  -2.5878E+00   6.4051E+01
 5.2228E-02  -2.4782E-02  -6.0765E-02   2.1947E+02   6.1039E+01  -1.2089E+01   6.2225E+01   2.6456E+02   4.3567E-04   2.6411E+02   1.6043E+01  -2.7696E+00   6.3915E+01
 4.8826E-02  -2.4175E-02  -5.7309E-02   2.8474E+02   6.0915E+01  -1.2880E+01   6.2262E+01   2.6442E+02   4.3401E-04   2.6779E+02   1.5974E+01  -2.9471E+00   6.3723E+01
 4.5596E-02  -2.3560E-02  -5.4021E-02   3.5504E+02   6.0728E+01  -1.3682E+01   6.2250E+01   2.6430E+02   4.3186E-04   2.7056E+02   1.5876E+01  -3.1219E+00   6.3462E+01
 4.2532E-02  -2.2938E-02  -5.0895E-02   4.2621E+02   6.0476E+01  -1.4480E+01   6.2185E+01   2.6420E+02   4.2919E-04   2.7242E+02   1.5748E+01  -3.2929E+00   6.3126E+01
 3.9628E-02  -2.2313E-02  -4.7924E-02   4.9834E+02   6.0159E+01  -1.5294E+01   6.2073E+01   2.6407E+02   4.2589E-04   2.7504E+02   1.5588E+01  -3.4621E+00   6.2711E+01
 3.6877E-02  -2.1684E-02  -4.5102E-02   5.7871E+02   5.9743E+01  -1.6115E+01   6.1878E+01   2.6395E+02   4.2176E-04   2.7668E+02   1.5380E+01  -3.6296E+00   6.2180E+01
 3.4273E-02  -2.1051E-02  -4.2422E-02   6.6222E+02   5.9218E+01  -1.6922E+01   6.1588E+01   2.6384E+02   4.1686E-04   2.7758E+02   1.5123E+01  -3.7885E+00   6.1541E+01
 3.1811E-02  -2.0416E-02  -3.9879E-02   7.4828E+02   5.8602E+01  -1.7717E+01   6.1222E+01   2.6372E+02   4.1101E-04   2.7844E+02   1.4822E+01  -3.9360E+00   6.0782E+01
 2.9483E-02  -1.9780E-02  -3.7466E-02   8.3880E+02   5.7872E+01  -1.8508E+01   6.0760E+01   2.6361E+02   4.0408E-04   2.7828E+02   1.4466E+01  -4.0730E+00   5.9870E+01
 2.7285E-02  -1.9143E-02  -3.5177E-02   9.3992E+02   5.6998E+01  -1.9268E+01   6.0166E+01   2.6350E+02   3.9584E-04   2.7728E+02   1.4045E+01  -4.1934E+00   5.8794E+01
 2.5210E-02  -1.8506E-02  -3.3007E-02   1.0446E+03   5.5993E+01  -1.9977E+01   5.9450E+01   2.6340E+02   3.8645E-04   2.7557E+02   1.3565E+01  -4.2879E+00   5.7553E+01
 2.3254E-02  -1.7870E-02  -3.0950E-02   1.1533E+03   5.4879E+01  -2.0644E+01   5.8634E+01   2.6330E+02   3.7536E-04   2.7283E+02   1.3030E+01  -4.3541E+00   5.6114E+01
 2.1411E-02  -1.7237E-02  -2.9001E-02   1.2651E+03   5.3655E+01  -2.1273E+01   5.7718E+01   2.6320E+02   3.6235E-04   2.6871E+02   1.2430E+01  -4.3885E+00   5.4407E+01
 1.9675E-02  -1.6608E-02  -2.7155E-02   1.3788E+03   5.2317E+01  -2.1859E+01   5.6700E+01   2.6311E+02   3.4660E-04   2.6326E+02   1.1766E+01  -4.3893E+00   5.2412E+01
 1.8042E-02  -1.5983E-02  -2.5406E-02   1.4983E+03   5.0840E+01  -2.2399E+01   5.5556E+01   2.6302E+02   3.2789E-04   2.5593E+02   1.1016E+01  -4.3486E+00   5.0024E+01
 1.6508E-02  -1.5360E-02  -2.3750E-02   1.6243E+03   4.9203E+01  -2.2860E+01   5.4255E+01   2.6294E+02   3.0544E-04   2.4683E+02   1.0196E+01  -4.2645E+00   4.7315E+01
 1.5068E-02  -1.4741E-02  -2.2183E-02   1.7548E+03   4.7410E+01  -2.3228E+01   5.2794E+01   2.6287E+02   2.8002E-04   2.3601E+02   9.3156E+00  -4.1301E+00   4.4274E+01
 1.3719E-02  -1.4125E-02  -2.0700E-02   1.8924E+03   4.5446E+01  -2.3483E+01   5.1154E+01   2.6280E+02   2.5105E-04   2.2436E+02   8.4202E+00  -3.9617E+00   4.1133E+01
 1.2456E-02  -1.3514E-02  -1.9296E-02   2.0369E+03   4.3311E+01  -2.3600E+01   4.9323E+01   2.6274E+02   2.2073E-04   2.1235E+02   7.5343E+00  -3.7643E+00   3.8000E+01
 1.1275E-02  -1.2907E-02  -1.7969E-02   2.1830E+03   4.1034E+01  -2.3562E+01   4.7317E+01   2.6268E+02   1.8868E-04   2.0169E+02   6.7276E+00  -3.5678E+00   3.5248E+01
 1.0173E-02  -1.2305E-02  -1.6713E-02   2.3325E+03   3.8614E+01  -2.3373E+01   4.5137E+01   2.6263E+02   1.5827E-04   1.9248E+02   5.9956E+00  -3.3781E+00   3.2868E+01
 9.1457E-03  -1.1710E-02  -1.5525E-02   2.4859E+03   3.6046E+01  -2.3003E+01   4.2761E+01   2.6259E+02   1.2762E-04   1.8556E+02   5.3553E+00  -3.2101E+00   3.1046E+01
 8.1903E-03  -1.1120E-02  -1.4403E-02   2.6386E+03   3.3349E+01  -2.2433E+01   4.0192E+01   2.6255E+02   1.0214E-04   1.7985E+02   4.7650E+00  -3.0420E+00   2.9518E+01
 7.3037E-03  -1.0537E-02  -1.3341E-02   2.7934E+03   3.0518E+01  -2.1644E+01   3.7414E+01   2.6251E+02   7.7361E-05   1.7515E+02   4.2108E+00  -2.8690E+00   2.8226E+01
 6.4829E-03  -9.9604E-03  -1.2338E-02   2.9450E+03   2.7573E+01  -2.0604E+01   3.4421E+01   2.6247E+02   5.9862E-05   1.7043E+02   3.6650E+00  -2.6705E+00   2.6936E+01
 5.7251E-03  -9.3910E-03  -1.1390E-02   3.0934E+03   2.4525E+01  -1.9288E+01   3.1201E+01   2.6244E+02   4.3466E-05   1.6548E+02   3.1259E+00  -2.4422E+00   2.5583E+01
 5.0280E-03  -8.8286E-03  -1.0494E-02   3.2371E+03   2.1375E+01  -1.7654E+01   2.7723E+01   2.6241E+02   3.3316E-05   1.5991E+02   2.5878E+00  -2.1771E+00   2.4067E+01
 4.3900E-03  -8.2728E-03  -9.6481E-03   3.3728E+03   1.8163E+01  -1.5655E+01   2.3978E+01   2.6238E+02   2.3137E-05   1.5353E+02   2.0598E+00  -1.8729E+00   2.2351E+01
 3.8086E-03  -7.7243E-03  -8.8486E-03   3.4943E+03   1.4950E+01  -1.3269E+01   1.9989E+01   2.6235E+02   1.8930E-05   1.4637E+02   1.5583E+00  -1.5333E+00   2.0375E+01
 3.2800E-03  -7.1851E-03  -8.0934E-03   3.5986E+03   1.1779E+01  -1.0492E+01   1.5774E+01   2.6233E+02   1.0684E-05   1.3884E+02   1.0985E+00  -1.1705E+00   1.8055E+01
 2.8012E-03  -6.6566E-03  -7.3802E-03   3.6831E+03   8.6918E+00  -7.3050E+00   1.1354E+01   2.6230E+02   1.0810E-05   1.3139E+02   6.9244E-01  -8.0211E-01   1.5228E+01
 2.3709E-03  -6.1387E-03  -6.7066E-03   3.7412E+03   5.7857E+00  -3.7569E+00   6.8985E+00   2.6228E+02   2.4958E-06   1.1893E+02   3.4906E-01  -4.4159E-01   1.1610E+01
 1.9858E-03  -5.6326E-03  -6.0706E-03   3.7663E+03   3.1932E+00  -4.8606E-02   3.1936E+00   2.6227E+02   7.2997E-06   1.1278E+02   8.8816E-02  -1.2325E-01   6.2589E+00
 1.6441E-03  -5.1390E-03  -5.4700E-03   3.7649E+03   8.4503E-01   3.6674E+00   3.7635E+00   2.6226E+02   5.0872E-07   1.1243E+02  -1.1011E-01   1.6910E-01   7.3155E+00
 1.3453E-03  -4.6573E-03  -4.9031E-03   3.7347E+03  -1.4594E+00   7.7837E+00   7.9194E+00   2.6226E+02   9.6444E-06   1.2382E+02  -3.3502E-01   5.7302E-01   1.2336E+01
 1.0844E-03  -4.1901E-03  -4.3678E-03   3.6659E+03  -3.5344E+00   1.2318E+01   1.2815E+01   2.6226E+02   8.9686E-06   1.3626E+02  -5.6981E-01   1.0920E+00   1.5983E+01
 8.6027E-04  -3.7376E-03  -3.8626E-03   3.5584E+03  -5.2182E+00   1.7085E+01   1.7864E+01   2.6226E+02   1.9792E-05   1.4600E+02  -7.9526E-01   1.7279E+00   1.8946E+01
 6.7061E-04  -3.3001E-03  -3.3857E-03   3.4188E+03  -6.4520E+00   2.1941E+01   2.2870E+01   2.6227E+02   2.3393E-05   1.5612E+02  -9.8860E-01   2.4596E+00   2.1462E+01
 5.1213E-04  -2.8790E-03  -2.9355E-03   3.2469E+03  -7.2284E+00   2.6790E+01   2.7748E+01   2.6227E+02   3.3137E-05   1.6569E+02  -1.1290E+00   3.2592E+00   2.3649E+01
 3.8310E-04  -2.4744E-03  -2.5107E-03   3.0516E+03  -7.5757E+00   3.1531E+01   3.2428E+01   2.6227E+02   3.9440E-05   1.7438E+02  -1.2087E+00   4.0965E+00   2.5583E+01
 2.7807E-04  -2.0876E-03  -2.1099E-03   2.8365E+03  -7.5377E+00   3.6132E+01   3.6910E+01   2.6228E+02   4.8607E-05   1.8228E+02  -1.2279E+00   4.9556E+00   2.7307E+01
 1.9581E-04  -1.7185E-03  -1.7316E-03   2.6029E+03  -7.1613E+00   4.0508E+01   4.1137E+01   2.6228E+02   5.6384E-05   1.8932E+02  -1.1838E+00   5.8117E+00   2.8859E+01
 1.3222E-04  -1.3673E-03  -1.3746E-03   2.3674E+03  -6.5087E+00   4.4660E+01   4.5132E+01   2.6228E+02   6.5332E-05   1.9567E+02  -1.0906E+00   6.6547E+00   3.0263E+01
 8.3823E-05  -1.0340E-03  -1.0378E-03   2.1156E+03  -5.6503E+00   4.8611E+01   4.8938E+01   2.6229E+02   7.3742E-05   2.0169E+02  -9.5325E-01   7.4938E+00   3.1537E+01
 4.8009E-05  -7.1827E-04  -7.2000E-04   1.8606E+03  -4.5922E+00   5.2471E+01   5.2672E+01   2.6229E+02   8.2441E-05   2.0763E+02  -7.6649E-01   8.3501E+00   3.2719E+01
 2.3338E-05  -4.1952E-04  -4.2017E-04   1.5737E+03  -3.3464E+00   5.6254E+01   5.6354E+01   2.6229E+02   9.1016E-05   2.1374E+02  -5.3034E-01   9.2349E+00   3.3808E+01
 7.2023E-06  -1.3712E-04  -1.3731E-04   1.2828E+03  -1.8043E+00   5.9992E+01   6.0019E+01   2.6229E+02   9.9186E-05   2.2007E+02  -2.0762E-01   1.0153E+01   3.4814E+01
 7.2023E-06   1.3712E-04   1.3731E-04   9.4478E+02   2.4139E-02   6.3273E+01   6.3273E+01   2.6230E+02   1.0816E-04   2.2475E+02   2.2382E-01   1.0945E+01   3.5811E+01
 2.3338E-05   4.1952E-04   4.2017E-04   7.1425E+02   2.0883E+00   6.5909E+01   6.5942E+01   2.6230E+02   1.1756E-04   2.2763E+02   6.6324E-01   1.1549E+01   3.6773E+01
 4.8009E-05   7.1827E-04   7.2000E-04   4.7960E+02   4.2596E+00   6.8352E+01   6.8484E+01   2.6231E+02   1.2808E-04   2.3074E+02   1.1145E+00   1.2141E+01   3.7687E+01
 8.3823E-05   1.0340E-03   1.0378E-03   2.2125E+02   6.6118E+00   7.0978E+01   7.1285E+01   2.6231E+02   1.3936E-04   2.3466E+02   1.6305E+00   1.2818E+01   3.8644E+01
 1.3222E-04   1.3673E-03   1.3746E-03  -1.1986E+02   9.2284E+00   7.3876E+01   7.4450E+01   2.6232E+02   1.5194E-04   2.3940E+02   2.2292E+00   1.3603E+01   3.9708E+01
 1.9581E-04   1.7185E-03   1.7316E-03  -4.9037E+02   1.2218E+01   7.6911E+01   7.7876E+01   2.6232E+02   1.6548E-04   2.4486E+02   2.9468E+00   1.4467E+01   4.0854E+01
 2.7807E-04   2.0876E-03   2.1099E-03  -9.1196E+02   1.5607E+01   7.9882E+01   8.1393E+01   2.6233E+02   1.8073E-04   2.5071E+02   3.8044E+00   1.5354E+01   4.2109E+01
 3.8310E-04   2.4744E-03   2.5107E-03  -1.3266E+03   1.9359E+01   8.2579E+01   8.4817E+01   2.6234E+02   1.9768E-04   2.5683E+02   4.7848E+00   1.6216E+01   4.3469E+01
 5.1213E-04   2.8790E-03   2.9355E-03  -1.7493E+03   2.3474E+01   8.4984E+01   8.8166E+01   2.6235E+02   2.1643E-04   2.6350E+02   5.9091E+00   1.7059E+01   4.4970E+01
 6.7061E-04   3.3001E-03   3.3857E-03  -2.1895E+03   2.7868E+01   8.6927E+01   9.1285E+01   2.6236E+02   2.3789E-04   2.7080E+02   7.1743E+00   1.7849E+01   4.6693E+01
 8.6027E-04   3.7376E-03   3.8626E-03  -2.5784E+03   3.2470E+01   8.8354E+01   9.4131E+01   2.6237E+02   2.6134E-04   2.7887E+02   8.5538E+00   1.8585E+01   4.8656E+01
 1.0844E-03   4.1901E-03   4.3678E-03  -2.9771E+03   3.7142E+01   8.9202E+01   9.6626E+01   2.6238E+02   2.8822E-04   2.8832E+02   1.0063E+01   1.9286E+01   5.1013E+01
 1.3453E-03   4.6573E-03   4.9031E-03  -3.2979E+03   4.1804E+01   8.9502E+01   9.8784E+01   2.6240E+02   3.1747E-04   2.9935E+02   1.1679E+01   1.9977E+01   5.3763E+01
 1.6441E-03   5.1390E-03   5.4700E-03  -3.6289E+03   4.6443E+01   8.9361E+01   1.0071E+02   2.6242E+02   3.4989E-04   3.1261E+02   1.3477E+01   2.0697E+01   5.7044E+01
 1.9858E-03   5.6326E-03   6.0706E-03  -3.9244E+03   5.0910E+01   8.8655E+01   1.0223E+02   2.6244E+02   3.8574E-04   3.2796E+02   1.5423E+01   2.1402E+01   6.0937E+01
 2.3709E-03   6.1387E-03   6.7066E-03  -4.1438E+03   5.5135E+01   8.7489E+01   1.0341E+02   2.6247E+02   4.2371E-04   3.4509E+02   1.7471E+01   2.2102E+01   6.5326E+01
 2.8012E-03   6.6566E-03   7.3802E-03  -4.3593E+03   5.9116E+01   8.5973E+01   1.0434E+02   2.6250E+02   4.6403E-04   3.6414E+02   1.9675E+01   2.2791E+01   7.0228E+01
 3.2800E-03   7.1851E-03   8.0934E-03  -4.5359E+03   6.2833E+01   8.4137E+01   1.0501E+02   2.6253E+02   5.0520E-04   3.8397E+02   2.1958E+01   2.3398E+01   7.5437E+01
 3.8086E-03   7.7243E-03   8.8486E-03  -4.6914E+03   6.6292E+01   8.2059E+01   1.0549E+02   2.6257E+02   5.4588E-04   4.0383E+02   2.4277E+01   2.3887E+01   8.0737E+01
 4.3900E-03   8.2728E-03   9.6481E-03  -4.8317E+03   6.9500E+01   7.9741E+01   1.0578E+02   2.6261E+02   5.8463E-04   4.2262E+02   2.6574E+01   2.4162E+01   8.5888E+01
 5.0280E-03   8.8286E-03   1.0494E-02  -4.9443E+03   7.2351E+01   7.7118E+01   1.0574E+02   2.6266E+02   6.2027E-04   4.3921E+02   2.8707E+01   2.4151E+01   9.0692E+01
 5.7251E-03   9.3910E-03   1.1390E-02  -4.9925E+03   7.4774E+01   7.4214E+01   1.0535E+02   2.6271E+02   6.5067E-04   4.5240E+02   3.0512E+01   2.3839E+01   9.4824E+01
 6.4829E-03   9.9604E-03   1.2338E-02  -5.0014E+03   7.6807E+01   7.1166E+01   1.0471E+02   2.6277E+02   6.7476E-04   4.6189E+02   3.1954E+01   2.3283E+01   9.8112E+01
 7.3037E-03   1.0537E-02   1.3341E-02  -4.9958E+03   7.8558E+01   6.8093E+01   1.0396E+02   2.6283E+02   6.9241E-04   4.6775E+02   3.3067E+01   2.2531E+01   1.0052E+02
 8.1903E-03   1.1120E-02   1.4403E-02  -4.9937E+03   8.0071E+01   6.4996E+01   1.0313E+02   2.6290E+02   7.0420E-04   4.7027E+02   3.3870E+01   2.1623E+01   1.0212E+02
 9.1457E-03   1.1710E-02   1.5525E-02  -4.9676E+03   8.1336E+01   6.1922E+01   1.0222E+02   2.6297E+02   7.1106E-04   4.7002E+02   3.4393E+01   2.0616E+01   1.0304E+02
 1.0173E-02   1.2305E-02   1.6713E-02  -4.9426E+03   8.2397E+01   5.8863E+01   1.0126E+02   2.6304E+02   7.1396E-04   4.6760E+02   3.4687E+01   1.9544E+01   1.0341E+02
 1.1275E-02   1.2907E-02   1.7969E-02  -4.9015E+03   8.3241E+01   5.5833E+01   1.0023E+02   2.6311E+02   7.1385E-04   4.6351E+02   3.4782E+01   1.8445E+01   1.0335E+02
 1.2456E-02   1.3514E-02   1.9296E-02  -4.8525E+03   8.3907E+01   5.2873E+01   9.9176E+01   2.6319E+02   7.1154E-04   4.5826E+02   3.4734E+01   1.7353E+01   1.0299E+02
 1.3719E-02   1.4125E-02   2.0700E-02  -4.8070E+03   8.4419E+01   4.9949E+01   9.8089E+01   2.6326E+02   7.0762E-04   4.5215E+02   3.4572E+01   1.6266E+01   1.0240E+02
 1.5068E-02   1.4741E-02   2.2183E-02  -4.7462E+03   8.4733E+01   4.7061E+01   9.6925E+01   2.6334E+02   7.0251E-04   4.4535E+02   3.4290E+01   1.5203E+01   1.0164E+02
 1.6508E-02   1.5360E-02   2.3750E-02  -4.6716E+03   8.4862E+01   4.4254E+01   9.5708E+01   2.6343E+02   6.9646E-04   4.3806E+02   3.3912E+01   1.4183E+01   1.0075E+02
 1.8042E-02   1.5983E-02   2.5406E-02  -4.5964E+03   8.4844E+01   4.1532E+01   9.4464E+01   2.6351E+02   6.8966E-04   4.3040E+02   3.3461E+01   1.3209E+01   9.9762E+01
 1.9675E-02   1.6608E-02   2.7155E-02  -4.5154E+03   8.4681E+01   3.8915E+01   9.3195E+01   2.6360E+02   6.8232E-04   4.2246E+02   3.2947E+01   1.2292E+01   9.8692E+01
 2.1411E-02   1.7237E-02   2.9001E-02  -4.4317E+03   8.4413E+01   3.6436E+01   9.1941E+01   2.6369E+02   6.7462E-04   4.1439E+02   3.2400E+01   1.1439E+01   9.7573E+01
 2.3254E-02   1.7870E-02   3.0950E-02  -4.3565E+03   8.4085E+01   3.4090E+01   9.0733E+01   2.6378E+02   6.6678E-04   4.0633E+02   3.1846E+01   1.0642E+01   9.6436E+01
 2.5210E-02   1.8506E-02   3.3007E-02  -4.2860E+03   8.3699E+01   3.1859E+01   8.9558E+01   2.6387E+02   6.5894E-04   3.9833E+02   3.1291E+01   9.8912E+00   9.5300E+01
 2.7285E-02   1.9143E-02   3.5177E-02  -4.2161E+03   8.3253E+01   2.9732E+01   8.8403E+01   2.6396E+02   6.5117E-04   3.9040E+02   3.0735E+01   9.1766E+00   9.4174E+01
 2.9483E-02   1.9780E-02   3.7466E-02  -4.1482E+03   8.2712E+01   2.7665E+01   8.7216E+01   2.6405E+02   6.4335E-04   3.8247E+02   3.0154E+01   8.4900E+00   9.3040E+01
 3.1811E-02   2.0416E-02   3.9879E-02  -4.0654E+03   8.2047E+01   2.5693E+01   8.5976E+01   2.6415E+02   6.3536E-04   3.7447E+02   2.9534E+01   7.8428E+00   9.1883E+01
 3.4273E-02   2.1051E-02   4.2422E-02  -3.9829E+03   8.1309E+01   2.3837E+01   8.4731E+01   2.6424E+02   6.2720E-04   3.6647E+02   2.8898E+01   7.2393E+00   9.0703E+01
 3.6877E-02   2.1684E-02   4.5102E-02  -3.9052E+03   8.0529E+01   2.2086E+01   8.3503E+01   2.6434E+02   6.1901E-04   3.5852E+02   2.8262E+01   6.6699E+00   8.9519E+01
 3.9628E-02   2.2313E-02   4.7924E-02  -3.8305E+03   7.9687E+01   2.0415E+01   8.2260E+01   2.6444E+02   6.1078E-04   3.5060E+02   2.7615E+01   6.1336E+00   8.8330E+01
 4.2532E-02   2.2938E-02   5.0895E-02  -3.7478E+03   7.8778E+01   1.8858E+01   8.1004E+01   2.6453E+02   6.0254E-04   3.4275E+02   2.6958E+01   5.6369E+00   8.7140E+01
 4.5596E-02   2.3560E-02   5.4021E-02  -3.6717E+03   7.7856E+01   1.7407E+01   7.9778E+01   2.6463E+02   5.9440E-04   3.3505E+02   2.6315E+01   5.1746E+00   8.5965E+01
 4.8826E-02   2.4175E-02   5.7309E-02  -3.6020E+03   7.6916E+01   1.6035E+01   7.8570E+01   2.6473E+02   5.8641E-04   3.2750E+02   2.5685E+01   4.7387E+00   8.4813E+01
 5.2228E-02   2.4782E-02   6.0765E-02  -3.5303E+03   7.5951E+01   1.4746E+01   7.7369E+01   2.6483E+02   5.7858E-04   3.2011E+02   2.5063E+01   4.3267E+00   8.3683E+01
 5.5811E-02   2.5380E-02   6.4398E-02  -3.4628E+03   7.4952E+01   1.3508E+01   7.6159E+01   2.6492E+02   5.7082E-04   3.1284E+02   2.4442E+01   3.9332E+00   8.2563E+01
 5.9581E-02   2.5964E-02   6.8213E-02  -3.3886E+03   7.3888E+01   1.2333E+01   7.4910E+01   2.6502E+02   5.6299E-04   3.0563E+02   2.3807E+01   3.5623E+00   8.1433E+01
 6.3544E-02   2.6535E-02   7.2217E-02  -3.3114E+03   7.2792E+01   1.1237E+01   7.3654E+01   2.6512E+02   5.5514E-04   2.9852E+02   2.3172E+01   3.2176E+00   8.0302E+01
 6.7708E-02   2.7091E-02   7.6417E-02  -3.2397E+03   7.1681E+01   1.0201E+01   7.2403E+01   2.6521E+02   5.4735E-04   2.9155E+02   2.2544E+01   2.8969E+00   7.9179E+01
 7.2078E-02   2.7631E-02   8.0821E-02  -3.1649E+03   7.0578E+01   9.2456E+00   7.1181E+01   2.6531E+02   5.3977E-04   2.8481E+02   2.1936E+01   2.5971E+00   7.8088E+01
 7.6663E-02   2.8151E-02   8.5436E-02  -3.1002E+03   6.9469E+01   8.3167E+00   6.9965E+01   2.6540E+02   5.3233E-04   2.7824E+02   2.1339E+01   2.3122E+00   7.7015E+01
 8.1469E-02   2.8647E-02   9.0267E-02  -3.0237E+03   6.8318E+01   7.4490E+00   6.8723E+01   2.6549E+02   5.2491E-04   2.7182E+02   2.0739E+01   2.0472E+00   7.5947E+01
 8.6502E-02   2.9121E-02   9.5322E-02  -2.9495E+03   6.7168E+01   6.6401E+00   6.7495E+01   2.6558E+02   5.1759E-04   2.6558E+02   2.0150E+01   1.8045E+00   7.4892E+01
 9.1769E-02   2.9568E-02   1.0061E-01  -2.8773E+03   6.6043E+01   5.8872E+00   6.6305E+01   2.6566E+02   5.1050E-04   2.5960E+02   1.9585E+01   1.5798E+00   7.3872E+01
 9.7275E-02   2.9988E-02   1.0613E-01  -2.8089E+03   6.4947E+01   5.1772E+00   6.5153E+01   2.6575E+02   5.0370E-04   2.5389E+02   1.9046E+01   1.3699E+00   7.2893E+01
 1.0303E-01   3.0377E-02   1.1190E-01  -2.7408E+03   6.3874E+01   4.5032E+00   6.4033E+01   2.6583E+02   4.9714E-04   2.4845E+02   1.8529E+01   1.1705E+00   7.1949E+01
 1.0903E-01   3.0730E-02   1.1791E-01  -2.6734E+03   6.2794E+01   3.8451E+00   6.2912E+01   2.6591E+02   4.9062E-04   2.4317E+02   1.8017E+01   9.7911E-01   7.1011E+01
 1.1529E-01   3.1042E-02   1.2418E-01  -2.5989E+03   6.1668E+01   3.2159E+00   6.1752E+01   2.6598E+02   4.8391E-04   2.3794E+02   1.7492E+01   8.0222E-01   7.0047E+01
 1.2181E-01   3.1315E-02   1.3070E-01  -2.5180E+03   6.0541E+01   2.6500E+00   6.0599E+01   2.6605E+02   4.7720E-04   2.3288E+02   1.6975E+01   6.4562E-01   6.9084E+01
 1.2859E-01   3.1547E-02   1.3749E-01  -2.4443E+03   5.9480E+01   2.1301E+00   5.9518E+01   2.6612E+02   4.7080E-04   2.2810E+02   1.6493E+01   5.0287E-01   6.8165E+01
 1.3564E-01   3.1735E-02   1.4454E-01  -2.3756E+03   5.8470E+01   1.6313E+00   5.8492E+01   2.6619E+02   4.6468E-04   2.2359E+02   1.6039E+01   3.6614E-01   6.7289E+01
 1.4296E-01   3.1874E-02   1.5187E-01  -2.3055E+03   5.7443E+01   1.1441E+00   5.7454E+01   2.6625E+02   4.5849E-04   2.1917E+02   1.5584E+01   2.3821E-01   6.6402E+01
 1.5056E-01   3.1962E-02   1.5946E-01  -2.2258E+03   5.6409E+01   7.0787E-01   5.6413E+01   2.6631E+02   4.5226E-04   2.1487E+02   1.5132E+01   1.2508E-01   6.5511E+01
 1.5843E-01   3.2001E-02   1.6733E-01  -2.1518E+03   5.5433E+01   3.0720E-01   5.5433E+01   2.6637E+02   4.4623E-04   2.1079E+02   1.4708E+01   2.2138E-02   6.4651E+01
 1.6657E-01   3.1986E-02   1.7547E-01  -2.0824E+03   5.4498E+01  -8.1426E-02   5.4498E+01   2.6642E+02   4.4037E-04   2.0690E+02   1.4305E+01  -7.6976E-02   6.3816E+01
 1.7498E-01   3.1911E-02   1.8388E-01  -2.0105E+03   5.3542E+01  -4.5938E-01   5.3544E+01   2.6647E+02   4.3433E-04   2.0304E+02   1.3897E+01  -1.6850E-01   6.2957E+01
 1.8367E-01   3.1777E-02   1.9257E-01  -1.9308E+03   5.2578E+01  -7.9243E-01   5.2584E+01   2.6652E+02   4.2823E-04   1.9926E+02   1.3490E+01  -2.4782E-01   6.2089E+01
 1.9262E-01   3.1586E-02   2.0153E-01  -1.8561E+03   5.1664E+01  -1.0972E+00   5.1676E+01   2.6657E+02   4.2228E-04   1.9564E+02   1.3106E+01  -3.1909E-01   6.1246E+01
 2.0184E-01   3.1334E-02   2.1075E-01  -1.7848E+03   5.0779E+01  -1.3893E+00   5.0798E+01   2.6662E+02   4.1642E-04   1.9215E+02   1.2736E+01  -3.8564E-01   6.0416E+01
 2.1132E-01   3.1019E-02   2.2023E-01  -1.7109E+03   4.9896E+01  -1.6604E+00   4.9924E+01   2.6666E+02   4.1053E-04   1.8873E+02   1.2372E+01  -4.4565E-01   5.9583E+01
 2.2105E-01   3.0641E-02   2.2997E-01  -1.6362E+03   4.9023E+01  -1.9086E+00   4.9060E+01   2.6670E+02   4.0463E-04   1.8538E+02   1.2014E+01  -4.9892E-01   5.8750E+01
 2.3103E-01   3.0200E-02   2.3996E-01  -1.5624E+03   4.8161E+01  -2.1388E+00   4.8209E+01   2.6674E+02   3.9872E-04   1.8210E+02   1.1664E+01  -5.4630E-01   5.7916E+01
 2.4124E-01   2.9695E-02   2.5018E-01  -1.4881E+03   4.7305E+01  -2.3480E+00   4.7363E+01   2.6678E+02   3.9278E-04   1.7888E+02   1.1320E+01  -5.8699E-01   5.7081E+01
 2.5168E-01   2.9128E-02   2.6064E-01  -1.4132E+03   4.6473E+01  -2.5312E+00   4.6541E+01   2.6682E+02   3.8695E-04   1.7577E+02   1.0988E+01  -6.2178E-01   5.6260E+01
 2.6234E-01   2.8501E-02   2.7131E-01  -1.3420E+03   4.5668E+01  -2.7029E+00   4.5748E+01   2.6685E+02   3.8120E-04   1.7275E+02   1.0670E+01  -6.5284E-01   5.5453E+01
 2.7320E-01   2.7811E-02   2.8220E-01  -1.2700E+03   4.4871E+01  -2.8609E+00   4.4962E+01   2.6689E+02   3.7545E-04   1.6980E+02   1.0357E+01  -6.8029E-01   5.4647E+01
 2.8425E-01   2.7061E-02   2.9327E-01  -1.1979E+03   4.4072E+01  -3.0053E+00   4.4174E+01   2.6692E+02   3.6964E-04   1.6687E+02   1.0048E+01  -7.0340E-01   5.3834E+01
 2.9547E-01   2.6251E-02   3.0453E-01  -1.1249E+03   4.3271E+01  -3.1327E+00   4.3384E+01   2.6695E+02   3.6379E-04   1.6398E+02   9.7412E+00  -7.2171E-01   5.3015E+01
 3.0686E-01   2.5385E-02   3.1595E-01  -1.0523E+03   4.2477E+01  -3.2415E+00   4.2600E+01   2.6698E+02   3.5793E-04   1.6114E+02   9.4407E+00  -7.3476E-01   5.2197E+01
 3.1839E-01   2.4468E-02   3.2751E-01  -9.8014E+02   4.1716E+01  -3.3294E+00   4.1849E+01   2.6701E+02   3.5225E-04   1.5841E+02   9.1554E+00  -7.4464E-01   5.1404E+01
 3.3004E-01   2.3499E-02   3.3921E-01  -9.1246E+02   4.0989E+01  -3.4177E+00   4.1131E+01   2.6704E+02   3.4668E-04   1.5578E+02   8.8841E+00  -7.5505E-01   5.0630E+01
 3.4180E-01   2.2477E-02   3.5101E-01  -8.4479E+02   4.0220E+01  -3.5104E+00   4.0373E+01   2.6706E+02   3.4082E-04   1.5308E+02   8.6021E+00  -7.6323E-01   4.9815E+01
 3.5365E-01   2.1404E-02   3.6291E-01  -7.6956E+02   3.9409E+01  -3.5746E+00   3.9571E+01   2.6709E+02   3.3475E-04   1.5033E+02   8.3110E+00  -7.6542E-01   4.8970E+01
 3.6557E-01   2.0288E-02   3.7488E-01  -6.9686E+02   3.8615E+01  -3.6232E+00   3.8785E+01   2.6712E+02   3.2870E-04   1.4764E+02   8.0286E+00  -7.6463E-01   4.8130E+01
 3.7753E-01   1.9130E-02   3.8690E-01  -6.2668E+02   3.7816E+01  -3.6699E+00   3.7994E+01   2.6714E+02   3.2255E-04   1.4495E+02   7.7482E+00  -7.6258E-01   4.7277E+01
 3.8953E-01   1.7931E-02   3.9895E-01  -5.5339E+02   3.6979E+01  -3.7039E+00   3.7164E+01   2.6717E+02   3.1615E-04   1.4220E+02   7.4603E+00  -7.5727E-01   4.6391E+01
 4.0152E-01   1.6695E-02   4.1101E-01  -4.7820E+02   3.6115E+01  -3.7222E+00   3.6306E+01   2.6719E+02   3.0955E-04   1.3941E+02   7.1682E+00  -7.4883E-01   4.5476E+01
 4.1351E-01   1.5425E-02   4.2306E-01  -4.0322E+02   3.5216E+01  -3.7332E+00   3.5414E+01   2.6721E+02   3.0264E-04   1.3656E+02   6.8698E+00  -7.3813E-01   4.4521E+01
 4.2546E-01   1.4123E-02   4.3508E-01  -3.2537E+02   3.4250E+01  -3.7314E+00   3.4452E+01   2.6723E+02   2.9525E-04   1.3355E+02   6.5561E+00  -7.2381E-01   4.3501E+01
 4.3735E-01   1.2793E-02   4.4705E-01  -2.4347E+02   3.3212E+01  -3.7103E+00   3.3419E+01   2.6726E+02   2.8736E-04   1.3040E+02   6.2276E+00  -7.0592E-01   4.2410E+01
 4.4916E-01   1.1436E-02   4.5894E-01  -1.6001E+02   3.2074E+01  -3.6788E+00   3.2284E+01   2.6728E+02   2.7867E-04   1.2700E+02   5.8760E+00  -6.8425E-01   4.1212E+01
 4.6088E-01   1.0053E-02   4.7074E-01  -6.9710E+01   3.0774E+01  -3.6206E+00   3.0986E+01   2.6730E+02   2.6884E-04   1.2321E+02   5.4873E+00  -6.5578E-01   3.9857E+01
 4.7249E-01   8.6489E-03   4.8243E-01   2.8191E+01   2.9311E+01  -3.5255E+00   2.9522E+01   2.6733E+02   2.5780E-04   1.1902E+02   5.0652E+00  -6.2016E-01   3.8335E+01
 4.8396E-01   7.2276E-03   4.9399E-01   1.2913E+02   2.7586E+01  -3.3880E+00   2.7794E+01   2.6736E+02   2.4472E-04   1.1415E+02   4.5869E+00  -5.7533E-01   3.6535E+01
 4.9528E-01   5.7903E-03   5.0540E-01   2.4636E+02   2.5717E+01  -3.2329E+00   2.5919E+01   2.6739E+02   2.3027E-04   1.0883E+02   4.0906E+00  -5.2669E-01   3.4554E+01
 5.0643E-01   4.3344E-03   5.1665E-01   3.4683E+02   2.2850E+01  -2.8948E+00   2.3032E+01   2.6743E+02   2.0779E-04   1.0079E+02   3.3793E+00  -4.4578E-01   3.1482E+01
 5.1741E-01   2.8739E-03   5.2772E-01   5.4181E+02   2.0654E+01  -2.7334E+00   2.0834E+01   2.6746E+02   1.9137E-04   9.4937E+01   2.8782E+00  -4.3253E-01   2.9227E+01
 5.2812E-01   1.0736E-03   5.3859E-01   5.4327E+02   1.3433E+01  -2.6682E+00   1.3695E+01   2.6752E+02   1.3506E-04   7.6787E+01   1.5184E+00  -2.0236E-01   2.1566E+01
