#        X=           Y=           S=           P=           U=           V=         Vel=           T=         mut=         hcv=          Ax=          Ay=       Yplus=
 4.9959E-02  -7.8385E-04  -1.5618E-01  -3.6619E+01  -4.4939E-03  -3.0499E-02   3.0828E-02   2.7164E+02   2.6813E-08   6.3992E+01  -5.5024E-04  -1.0501E-02   3.4542E-01
 4.9877E-02  -2.3515E-03  -1.5461E-01  -3.6690E+01  -6.9382E-03  -8.3769E-02   8.4056E-02   2.7169E+02   2.4951E-08   6.1952E+01  -1.5052E-03  -2.8725E-02   5.7176E-01
 4.9795E-02  -3.9192E-03  -1.5304E-01  -3.6820E+01  -1.1893E-02  -1.4750E-01   1.4798E-01   2.7169E+02   2.4655E-08   6.2061E+01  -2.6522E-03  -5.0614E-02   7.5849E-01
 4.9658E-02  -5.4812E-03  -1.5148E-01  -3.7083E+01  -2.2252E-02  -1.8353E-01   1.8488E-01   2.7189E+02   2.2547E-09   5.3514E+01  -7.7304E-03  -6.2961E-02   8.4752E-01
 4.9440E-02  -7.0346E-03  -1.4991E-01  -3.7338E+01  -3.3313E-02  -2.1015E-01   2.1278E-01   2.7192E+02   2.1665E-09   5.2009E+01  -1.1415E-02  -7.2080E-02   9.0952E-01
 4.9194E-02  -8.5852E-03  -1.4834E-01  -3.7601E+01  -4.2865E-02  -2.5221E-01   2.5582E-01   2.7191E+02   2.4063E-09   5.2407E+01  -1.3729E-02  -8.6691E-02   9.9726E-01
 4.8922E-02  -1.0130E-02  -1.4677E-01  -3.7993E+01  -6.1582E-02  -3.0346E-01   3.0964E-01   2.7193E+02   2.7192E-09   5.1992E+01  -2.0295E-02  -1.0443E-01   1.0968E+00
 4.8569E-02  -1.1658E-02  -1.4520E-01  -3.8449E+01  -7.3560E-02  -2.8984E-01   2.9903E-01   2.7208E+02   1.3075E-09   4.5520E+01  -2.6582E-02  -9.9216E-02   1.0778E+00
 4.8163E-02  -1.3175E-02  -1.4363E-01  -3.8679E+01  -7.5695E-02  -2.7795E-01   2.8807E-01   2.7213E+02   1.0346E-09   4.3279E+01  -2.5600E-02  -9.5553E-02   1.0580E+00
 4.7756E-02  -1.4691E-02  -1.4206E-01  -3.8998E+01  -1.0303E-01  -3.5034E-01   3.6518E-01   2.7208E+02   1.3159E-09   4.5281E+01  -3.2502E-02  -1.2131E-01   1.1905E+00
 4.7272E-02  -1.6183E-02  -1.4049E-01  -3.9666E+01  -1.0806E-01  -3.0836E-01   3.2675E-01   2.7224E+02   1.0832E-09   3.8508E+01  -4.0264E-02  -1.0489E-01   1.1258E+00
 4.6709E-02  -1.7649E-02  -1.3892E-01  -3.9689E+01  -9.9442E-02  -2.5375E-01   2.7254E-01   2.7226E+02   9.7683E-10   3.7662E+01  -3.3545E-02  -8.7389E-02   1.0289E+00
 4.6146E-02  -1.9115E-02  -1.3735E-01  -3.9868E+01  -1.1940E-01  -2.9725E-01   3.2034E-01   2.7224E+02   1.0735E-09   3.8612E+01  -3.9458E-02  -1.0280E-01   1.1152E+00
 4.5533E-02  -2.0559E-02  -1.3578E-01  -4.0323E+01  -1.2376E-01  -2.7690E-01   3.0330E-01   2.7233E+02   9.8692E-10   3.4705E+01  -4.4087E-02  -9.4534E-02   1.0848E+00
 4.4845E-02  -2.1970E-02  -1.3421E-01  -4.0391E+01  -1.0393E-01  -2.0638E-01   2.3107E-01   2.7240E+02   8.0012E-10   3.2006E+01  -3.6037E-02  -7.0721E-02   9.4715E-01
 4.4132E-02  -2.3370E-02  -1.3264E-01  -4.0347E+01  -1.0161E-01  -1.9525E-01   2.2010E-01   2.7240E+02   7.2458E-10   3.1892E+01  -3.4323E-02  -6.7357E-02   9.2439E-01
 4.3395E-02  -2.4756E-02  -1.3107E-01  -4.0486E+01  -1.1217E-01  -2.0238E-01   2.3139E-01   2.7243E+02   6.8934E-10   3.0567E+01  -3.8568E-02  -6.9576E-02   9.4741E-01
 4.2587E-02  -2.6100E-02  -1.2950E-01  -4.0605E+01  -8.7208E-02  -1.4111E-01   1.6588E-01   2.7253E+02   4.9245E-10   2.6268E+01  -3.1032E-02  -4.7779E-02   8.0215E-01
 4.1732E-02  -2.7416E-02  -1.2793E-01  -4.0414E+01  -5.7628E-02  -8.8109E-02   1.0528E-01   2.7256E+02   3.3519E-10   2.5102E+01  -1.9685E-02  -3.0309E-02   6.3923E-01
 4.0877E-02  -2.8733E-02  -1.2636E-01  -4.0311E+01  -8.0740E-02  -1.1860E-01   1.4347E-01   2.7254E+02   3.5219E-10   2.6092E+01  -2.6853E-02  -4.1344E-02   7.4576E-01
 3.9955E-02  -3.0002E-02  -1.2479E-01  -4.0461E+01  -6.0491E-02  -8.2702E-02   1.0246E-01   2.7265E+02   2.3141E-10   2.1204E+01  -2.2139E-02  -2.7335E-02   6.2982E-01
 3.8966E-02  -3.1223E-02  -1.2322E-01  -4.0225E+01  -2.1748E-02  -2.5897E-02   3.3818E-02   2.7268E+02   1.2117E-10   1.9984E+01  -7.3054E-03  -9.0198E-03   3.6220E-01
 3.7977E-02  -3.2444E-02  -1.2165E-01  -4.0101E+01  -3.7716E-02  -4.4790E-02   5.8554E-02   2.7266E+02   1.1973E-10   2.0833E+01  -1.2654E-02  -1.5624E-02   4.7651E-01
 3.6948E-02  -3.3628E-02  -1.2008E-01  -4.0108E+01  -3.8190E-02  -4.3036E-02   5.7538E-02   2.7270E+02   1.0087E-10   1.9028E+01  -1.3482E-02  -1.4454E-02   4.7218E-01
 3.5857E-02  -3.4757E-02  -1.1851E-01  -4.0011E+01  -1.9297E-02  -1.9378E-02   2.7348E-02   2.7273E+02   6.3978E-11   1.7813E+01  -6.6410E-03  -6.6391E-03   3.2569E-01
 3.4746E-02  -3.5867E-02  -1.1693E-01  -3.9911E+01  -2.4083E-02  -2.3044E-02   3.3332E-02   2.7271E+02   6.0962E-11   1.8832E+01  -8.0918E-03  -8.0895E-03   3.5953E-01
 3.3617E-02  -3.6957E-02  -1.1537E-01  -3.9882E+01  -4.3640E-02  -3.9732E-02   5.9018E-02   2.7269E+02   7.8088E-11   1.9650E+01  -1.4832E-02  -1.3828E-02   4.7828E-01
 3.2434E-02  -3.7986E-02  -1.1380E-01  -3.9896E+01  -4.4689E-02  -3.6798E-02   5.7890E-02   2.7271E+02   7.5478E-11   1.8579E+01  -1.5454E-02  -1.2511E-02   4.7379E-01
 3.1214E-02  -3.8973E-02  -1.1223E-01  -3.9848E+01  -4.4008E-02  -3.4652E-02   5.6013E-02   2.7270E+02   7.5685E-11   1.9261E+01  -1.4945E-02  -1.2099E-02   4.6614E-01
 2.9994E-02  -3.9961E-02  -1.1066E-01  -3.9848E+01  -8.5322E-02  -6.5288E-02   1.0744E-01   2.7264E+02   1.2359E-10   2.1736E+01  -2.8691E-02  -2.3226E-02   6.4520E-01
 2.8726E-02  -4.0882E-02  -1.0909E-01  -4.0024E+01  -9.7981E-02  -6.5809E-02   1.1803E-01   2.7266E+02   1.4314E-10   2.0680E+01  -3.4027E-02  -2.2092E-02   6.7633E-01
 2.7409E-02  -4.1737E-02  -1.0752E-01  -4.0014E+01  -9.4315E-02  -5.9912E-02   1.1174E-01   2.7265E+02   1.6050E-10   2.1382E+01  -3.2178E-02  -2.0891E-02   6.5843E-01
 2.6093E-02  -4.2592E-02  -1.0595E-01  -4.0100E+01  -1.3991E-01  -8.7341E-02   1.6494E-01   2.7259E+02   2.3956E-10   2.3747E+01  -4.7525E-02  -3.0855E-02   7.9983E-01
 2.4749E-02  -4.3399E-02  -1.0438E-01  -4.0361E+01  -1.6850E-01  -9.4047E-02   1.9297E-01   2.7258E+02   3.1845E-10   2.4160E+01  -5.8032E-02  -3.2159E-02   8.6500E-01
 2.3364E-02  -4.4135E-02  -1.0281E-01  -4.0500E+01  -1.6876E-01  -8.5546E-02   1.8920E-01   2.7257E+02   3.7355E-10   2.4733E+01  -5.7918E-02  -2.9504E-02   8.5685E-01
 2.1965E-02  -4.4848E-02  -1.0124E-01  -4.0634E+01  -2.0116E-01  -9.9631E-02   2.2448E-01   2.7251E+02   4.9201E-10   2.6995E+01  -6.8724E-02  -3.5009E-02   9.3336E-01
 2.0555E-02  -4.5535E-02  -9.9672E-02  -4.0951E+01  -2.5494E-01  -1.1612E-01   2.8014E-01   2.7246E+02   7.3729E-10   2.9287E+01  -8.7337E-02  -4.0719E-02   1.0424E+00
 1.9112E-02  -4.6148E-02  -9.8103E-02  -4.1333E+01  -2.6971E-01  -1.0404E-01   2.8908E-01   2.7243E+02   9.9477E-10   3.0669E+01  -9.2796E-02  -3.5614E-02   1.0592E+00
 1.7647E-02  -4.6710E-02  -9.6534E-02  -4.1557E+01  -3.1611E-01  -1.1803E-01   3.3743E-01   2.7233E+02   1.5491E-09   3.4915E+01  -1.0830E-01  -4.1563E-02   1.1447E+00
 1.6181E-02  -4.7272E-02  -9.4964E-02  -4.2153E+01  -3.8770E-01  -1.4369E-01   4.1347E-01   2.7225E+02   3.7108E-09   3.8094E+01  -1.3294E-01  -5.1019E-02   1.2666E+00
 1.4690E-02  -4.7757E-02  -9.3394E-02  -4.2838E+01  -4.8615E-01  -1.2703E-01   5.0247E-01   2.7220E+02   5.2923E-09   4.0359E+01  -1.6734E-01  -4.4830E-02   1.3965E+00
 1.3174E-02  -4.8163E-02  -9.1824E-02  -4.4095E+01  -5.5749E-01  -1.4856E-01   5.7694E-01   2.7230E+02   4.9076E-09   3.6205E+01  -1.9222E-01  -5.1496E-02   1.4970E+00
 1.1658E-02  -4.8569E-02  -9.0255E-02  -4.5447E+01  -6.1378E-01  -1.5695E-01   6.3352E-01   2.7227E+02   3.0348E-08   3.7641E+01  -2.1132E-01  -5.6612E-02   1.5683E+00
 1.0130E-02  -4.8922E-02  -8.8686E-02  -4.7325E+01  -6.8326E-01  -1.2656E-01   6.9488E-01   2.7231E+02   1.4667E-08   3.5846E+01  -2.3595E-01  -4.5852E-02   1.6421E+00
 8.5850E-03  -4.9194E-02  -8.7117E-02  -5.0735E+01  -8.2479E-01  -1.2943E-01   8.3489E-01   2.7220E+02   2.8464E-08   4.0540E+01  -2.8569E-01  -4.5242E-02   1.8009E+00
 7.0345E-03  -4.9440E-02  -8.5547E-02  -5.5556E+01  -7.9415E-01  -1.2636E-01   8.0414E-01   2.7225E+02   3.1096E-08   3.8533E+01  -2.7504E-01  -4.3556E-02   1.7673E+00
 5.4812E-03  -4.9658E-02  -8.3978E-02  -6.0419E+01  -3.2003E-01  -4.5498E-02   3.2325E-01   2.7225E+02   6.1666E-09   3.8241E+01  -1.1033E-01  -1.3547E-02   1.1200E+00
 3.9192E-03  -4.9795E-02  -8.2409E-02  -6.4229E+01  -1.5552E-01   1.2074E-02   1.5599E-01   2.7185E+02   1.1348E-08   5.4950E+01  -5.2955E-02  -2.7748E-03   7.7543E-01
 2.3515E-03  -4.9877E-02  -8.0840E-02  -7.3791E+01  -6.3082E-01  -1.4939E-02   6.3100E-01   2.7209E+02   1.1423E-08   4.4979E+01  -2.1732E-01  -1.1387E-02   1.5657E+00
 7.8384E-04  -4.9959E-02  -7.9270E-02  -8.4549E+01   6.3434E-01  -2.0044E-02   6.3466E-01   2.7220E+02   2.6830E-08   4.0458E+01   2.1820E-01   1.1433E-02   1.5667E+00
-7.8384E-04  -4.9959E-02  -7.7700E-02  -8.1738E+01   1.6154E+00  -3.0287E-02   1.6157E+00   2.7159E+02   6.2164E-08   6.7621E+01   5.6867E-01  -2.9798E-02   2.5056E+00
-2.3515E-03  -4.9877E-02  -7.6130E-02  -9.0269E+01   6.7691E-01  -1.5738E-02   6.7709E-01   2.7185E+02   4.6478E-08   5.5438E+01   2.3321E-01  -1.2220E-02   1.6224E+00
-3.9192E-03  -4.9795E-02  -7.4560E-02  -1.0067E+02   1.4671E+00  -1.0524E-01   1.4709E+00   2.7200E+02   6.7755E-08   4.9391E+01   5.1619E-01  -2.7048E-02   2.3905E+00
-5.4812E-03  -4.9658E-02  -7.2991E-02  -9.9403E+01   2.4367E+00  -2.7834E-01   2.4525E+00   2.7167E+02   1.0677E-07   6.5029E+01   8.8125E-01  -1.0820E-01   3.0878E+00
-7.0345E-03  -4.9440E-02  -7.1422E-02  -1.0011E+02   2.0671E+00  -2.8858E-01   2.0871E+00   2.7166E+02   1.0223E-07   6.5015E+01   7.3667E-01  -1.1666E-01   2.8494E+00
-8.5850E-03  -4.9194E-02  -6.9853E-02  -1.0833E+02   1.9757E+00  -3.0661E-01   1.9994E+00   2.7187E+02   1.0003E-07   5.5625E+01   7.0429E-01  -1.1153E-01   2.7882E+00
-1.0130E-02  -4.8922E-02  -6.8284E-02  -1.1143E+02   2.8712E+00  -5.8639E-01   2.9305E+00   2.7178E+02   1.2799E-07   6.1107E+01   1.0599E+00  -2.0597E-01   3.3747E+00
-1.1658E-02  -4.8569E-02  -6.6715E-02  -1.0325E+02   3.0010E+00  -7.3675E-01   3.0901E+00   2.7153E+02   1.4531E-07   7.2281E+01   1.1051E+00  -2.9607E-01   3.4672E+00
-1.3174E-02  -4.8163E-02  -6.5145E-02  -1.0823E+02   2.1973E+00  -5.5230E-01   2.2657E+00   2.7178E+02   1.1852E-07   6.0191E+01   7.8680E-01  -2.1078E-01   2.9686E+00
-1.4690E-02  -4.7757E-02  -6.3575E-02  -1.1802E+02   2.9911E+00  -8.8111E-01   3.1182E+00   2.7190E+02   1.3039E-07   5.6005E+01   1.1179E+00  -2.9950E-01   3.4798E+00
-1.6181E-02  -4.7272E-02  -6.2006E-02  -1.0242E+02   3.7552E+00  -1.3406E+00   3.9873E+00   2.7147E+02   1.7788E-07   7.6960E+01   1.4307E+00  -5.4908E-01   3.9375E+00
-1.7647E-02  -4.6710E-02  -6.0436E-02  -1.0287E+02   2.6110E+00  -9.5817E-01   2.7812E+00   2.7173E+02   1.3372E-07   6.2784E+01   9.5043E-01  -3.6476E-01   3.2892E+00
-1.9112E-02  -4.6148E-02  -5.8866E-02  -1.0884E+02   2.9166E+00  -1.1449E+00   3.1332E+00   2.7189E+02   1.3266E-07   5.6497E+01   1.0861E+00  -4.1682E-01   3.4898E+00
-2.0555E-02  -4.5535E-02  -5.7297E-02  -1.0006E+02   3.5613E+00  -1.6181E+00   3.9116E+00   2.7164E+02   1.6183E-07   6.9244E+01   1.3588E+00  -6.3352E-01   3.8997E+00
-2.1965E-02  -4.4848E-02  -5.5729E-02  -9.3193E+01   3.0304E+00  -1.4822E+00   3.3734E+00   2.7166E+02   1.4601E-07   6.7155E+01   1.1257E+00  -5.7346E-01   3.6226E+00
-2.3364E-02  -4.4135E-02  -5.4159E-02  -9.5765E+01   2.7569E+00  -1.3891E+00   3.0871E+00   2.7185E+02   1.2816E-07   5.7924E+01   1.0192E+00  -5.1917E-01   3.4647E+00
-2.4749E-02  -4.3399E-02  -5.2590E-02  -9.3358E+01   3.2807E+00  -1.8428E+00   3.7628E+00   2.7177E+02   1.3920E-07   6.2890E+01   1.2540E+00  -6.9489E-01   3.8242E+00
-2.6093E-02  -4.2592E-02  -5.1022E-02  -7.9726E+01   3.2304E+00  -2.0087E+00   3.8040E+00   2.7157E+02   1.4744E-07   7.1946E+01   1.2164E+00  -7.8974E-01   3.8467E+00
-2.7409E-02  -4.1737E-02  -4.9452E-02  -7.9119E+01   2.5131E+00  -1.5876E+00   2.9726E+00   2.7180E+02   1.1806E-07   6.0348E+01   9.1936E-01  -5.9689E-01   3.4003E+00
-2.8726E-02  -4.0882E-02  -4.7882E-02  -8.3226E+01   2.9281E+00  -1.9877E+00   3.5390E+00   2.7189E+02   1.1441E-07   5.7229E+01   1.1206E+00  -7.2753E-01   3.7074E+00
-2.9994E-02  -3.9961E-02  -4.6313E-02  -6.5250E+01   3.3481E+00  -2.5854E+00   4.2301E+00   2.7151E+02   1.4308E-07   7.5743E+01   1.2770E+00  -1.0338E+00   4.0554E+00
-3.1214E-02  -3.8973E-02  -4.4743E-02  -6.0933E+01   2.4554E+00  -1.9386E+00   3.1284E+00   2.7175E+02   1.0824E-07   6.2467E+01   9.0194E-01  -7.3015E-01   3.4885E+00
-3.2434E-02  -3.7986E-02  -4.3174E-02  -6.1674E+01   2.5481E+00  -2.0923E+00   3.2970E+00   2.7187E+02   9.9385E-08   5.7398E+01   9.5760E-01  -7.7521E-01   3.5800E+00
-3.3617E-02  -3.6957E-02  -4.1605E-02  -5.0968E+01   2.8507E+00  -2.6077E+00   3.8635E+00   2.7164E+02   1.1209E-07   6.8877E+01   1.0809E+00  -1.0077E+00   3.8756E+00
-3.4746E-02  -3.5867E-02  -4.0035E-02  -4.1743E+01   2.4183E+00  -2.3470E+00   3.3699E+00   2.7166E+02   9.9075E-08   6.7022E+01   8.9245E-01  -8.9219E-01   3.6208E+00
-3.5857E-02  -3.4757E-02  -3.8464E-02  -3.9928E+01   2.1641E+00  -2.1517E+00   3.0517E+00   2.7183E+02   8.3516E-08   5.8956E+01   7.9849E-01  -7.9826E-01   3.4449E+00
-3.6948E-02  -3.3628E-02  -3.6894E-02  -3.4738E+01   2.3525E+00  -2.5529E+00   3.4715E+00   2.7175E+02   8.3773E-08   6.3463E+01   8.9123E-01  -9.5547E-01   3.6733E+00
-3.7977E-02  -3.2444E-02  -3.5324E-02  -2.2021E+01   2.2233E+00  -2.6428E+00   3.4537E+00   2.7157E+02   8.4178E-08   7.1527E+01   8.1668E-01  -1.0083E+00   3.6654E+00
-3.8966E-02  -3.1223E-02  -3.3753E-02  -1.8170E+01   1.7665E+00  -2.1390E+00   2.7741E+00   2.7176E+02   6.5975E-08   6.1501E+01   6.3903E-01  -7.8899E-01   3.2850E+00
-3.9955E-02  -3.0002E-02  -3.2182E-02  -1.7448E+01   1.8669E+00  -2.4071E+00   3.0462E+00   2.7183E+02   5.8997E-08   5.8899E+01   7.0958E-01  -8.7611E-01   3.4399E+00
-4.0877E-02  -2.8733E-02  -3.0612E-02  -3.6372E+00   1.9566E+00  -2.8669E+00   3.4710E+00   2.7149E+02   6.7889E-08   7.4905E+01   7.1102E-01  -1.0947E+00   3.6736E+00
-4.1732E-02  -2.7416E-02  -2.9042E-02   2.0309E+00   1.4644E+00  -2.2103E+00   2.6514E+00   2.7171E+02   5.0850E-08   6.3611E+01   5.2612E-01  -8.1006E-01   3.2117E+00
-4.2587E-02  -2.6100E-02  -2.7472E-02   4.5513E+00   1.4250E+00  -2.2411E+00   2.6558E+00   2.7180E+02   4.4215E-08   5.9623E+01   5.2741E-01  -8.1204E-01   3.2133E+00
-4.3395E-02  -2.4756E-02  -2.5902E-02   1.2902E+01   1.4419E+00  -2.5503E+00   2.9297E+00   2.7160E+02   4.5417E-08   6.9074E+01   5.2308E-01  -9.4362E-01   3.3752E+00
-4.4132E-02  -2.3370E-02  -2.4333E-02   2.0327E+01   1.1860E+00  -2.2534E+00   2.5464E+00   2.7162E+02   3.7864E-08   6.7560E+01   4.1955E-01  -8.2335E-01   3.1477E+00
-4.4845E-02  -2.1970E-02  -2.2762E-02   2.3851E+01   1.0244E+00  -2.0141E+00   2.2596E+00   2.7175E+02   2.9912E-08   6.1174E+01   3.6883E-01  -7.2381E-01   2.9646E+00
-4.5533E-02  -2.0559E-02  -2.1192E-02   2.8608E+01   9.9176E-01  -2.1687E+00   2.3847E+00   2.7168E+02   2.6887E-08   6.4531E+01   3.6405E-01  -7.8063E-01   3.0448E+00
-4.6146E-02  -1.9115E-02  -1.9622E-02   3.6324E+01   8.6029E-01  -2.1221E+00   2.2898E+00   2.7153E+02   2.4628E-08   7.1026E+01   2.9515E-01  -7.6892E-01   2.9847E+00
-4.6709E-02  -1.7649E-02  -1.8051E-02   4.0244E+01   6.7185E-01  -1.7155E+00   1.8423E+00   2.7168E+02   1.8744E-08   6.3673E+01   2.3418E-01  -6.1008E-01   2.6774E+00
-4.7272E-02  -1.6183E-02  -1.6481E-02   4.2709E+01   6.1977E-01  -1.7318E+00   1.8394E+00   2.7173E+02   1.5598E-08   6.1541E+01   2.3399E-01  -6.0958E-01   2.6733E+00
-4.7756E-02  -1.4691E-02  -1.4911E-02   4.9258E+01   5.4287E-01  -1.8407E+00   1.9190E+00   2.7147E+02   1.5846E-08   7.3258E+01   1.7658E-01  -6.5908E-01   2.7316E+00
-4.8163E-02  -1.3175E-02  -1.3340E-02   5.2941E+01   3.8630E-01  -1.4034E+00   1.4556E+00   2.7164E+02   1.0806E-08   6.4915E+01   1.3216E-01  -4.9329E-01   2.3800E+00
-4.8569E-02  -1.1658E-02  -1.1770E-02   5.5431E+01   3.2960E-01  -1.2888E+00   1.3302E+00   2.7170E+02   8.3156E-09   6.2481E+01   1.2045E-01  -4.4958E-01   2.2745E+00
-4.8922E-02  -1.0130E-02  -1.0201E-02   5.8964E+01   2.5886E-01  -1.2561E+00   1.2825E+00   2.7156E+02   6.9444E-09   6.8403E+01   8.5510E-02  -4.3999E-01   2.2332E+00
-4.9194E-02  -8.5852E-03  -8.6323E-03   6.1903E+01   1.7515E-01  -1.0118E+00   1.0269E+00   2.7159E+02   5.5156E-09   6.6944E+01   5.5764E-02  -3.5213E-01   1.9989E+00
-4.9440E-02  -7.0346E-03  -7.0624E-03   6.3835E+01   1.2671E-01  -7.9930E-01   8.0928E-01   2.7166E+02   3.7434E-09   6.3550E+01   4.3766E-02  -2.7637E-01   1.7744E+00
-4.9658E-02  -5.4812E-03  -5.4935E-03   6.5527E+01   8.2080E-02  -6.7218E-01   6.7717E-01   2.7159E+02   3.1578E-09   6.6406E+01   2.8479E-02  -2.3195E-01   1.6227E+00
-4.9795E-02  -3.9192E-03  -3.9246E-03   6.7073E+01   4.3785E-02  -5.2918E-01   5.3099E-01   2.7129E+02   2.4221E-08   7.9309E+01   9.5485E-03  -1.8222E-01   1.4376E+00
-4.9877E-02  -2.3515E-03  -2.3548E-03   6.7931E+01   2.6447E-02  -3.1449E-01   3.1560E-01   2.7118E+02   2.1846E-06   8.3552E+01   5.6545E-03  -1.0791E-01   1.1103E+00
-4.9959E-02  -7.8385E-04  -7.8492E-04   6.8372E+01   1.6379E-02  -1.1082E-01   1.1202E-01   2.7114E+02   2.0514E-06   8.5265E+01   1.9973E-03  -3.8115E-02   6.6478E-01
-4.9959E-02   7.8385E-04   7.8492E-04   6.8374E+01   1.5666E-02   1.0865E-01   1.0977E-01   2.7116E+02   2.0514E-06   8.4443E+01   1.9579E-03   3.7364E-02   6.5839E-01
-4.9877E-02   2.3515E-03   2.3548E-03   6.7932E+01   1.9932E-02   2.7936E-01   2.8007E-01   2.7152E+02   2.3771E-09   6.9203E+01   5.0224E-03   9.5846E-02   1.0441E+00
-4.9795E-02   3.9192E-03   3.9246E-03   6.7082E+01   4.0030E-02   4.9831E-01   4.9991E-01   2.7145E+02   3.4893E-09   7.2117E+01   8.9904E-03   1.7157E-01   1.3946E+00
-4.9658E-02   5.4812E-03   5.4935E-03   6.5544E+01   8.3077E-02   6.7399E-01   6.7909E-01   2.7155E+02   3.0021E-09   6.8356E+01   2.8557E-02   2.3258E-01   1.6251E+00
-4.9440E-02   7.0346E-03   7.0624E-03   6.3844E+01   1.2745E-01   8.0387E-01   8.1391E-01   2.7160E+02   3.9800E-09   6.6048E+01   4.4013E-02   2.7792E-01   1.7797E+00
-4.9194E-02   8.5852E-03   8.6323E-03   6.1910E+01   1.7546E-01   1.0144E+00   1.0294E+00   2.7154E+02   5.6971E-09   6.8963E+01   5.5899E-02   3.5298E-01   2.0016E+00
-4.8922E-02   1.0130E-02   1.0201E-02   5.8972E+01   2.5899E-01   1.2570E+00   1.2834E+00   2.7152E+02   7.0041E-09   6.9931E+01   8.5562E-02   4.4026E-01   2.2341E+00
-4.8569E-02   1.1658E-02   1.1770E-02   5.5442E+01   3.2963E-01   1.2888E+00   1.3303E+00   2.7167E+02   8.3327E-09   6.3573E+01   1.2045E-01   4.4957E-01   2.2746E+00
-4.8163E-02   1.3175E-02   1.3340E-02   5.2954E+01   3.8625E-01   1.4032E+00   1.4554E+00   2.7162E+02   1.0821E-08   6.5830E+01   1.3213E-01   4.9318E-01   2.3799E+00
-4.7756E-02   1.4691E-02   1.4911E-02   4.9273E+01   5.4273E-01   1.8402E+00   1.9186E+00   2.7145E+02   1.5855E-08   7.4088E+01   1.7653E-01   6.5888E-01   2.7313E+00
-4.7272E-02   1.6183E-02   1.6481E-02   4.2726E+01   6.1960E-01   1.7313E+00   1.8389E+00   2.7172E+02   1.5602E-08   6.2141E+01   2.3391E-01   6.0938E-01   2.6730E+00
-4.6709E-02   1.7649E-02   1.8051E-02   4.0263E+01   6.7167E-01   1.7150E+00   1.8418E+00   2.7167E+02   1.8739E-08   6.4207E+01   2.3411E-01   6.0989E-01   2.6771E+00
-4.6146E-02   1.9115E-02   1.9622E-02   3.6344E+01   8.6004E-01   2.1215E+00   2.2892E+00   2.7152E+02   2.4614E-08   7.1540E+01   2.9505E-01   7.6866E-01   2.9844E+00
-4.5533E-02   2.0559E-02   2.1192E-02   2.8631E+01   9.9148E-01   2.1681E+00   2.3840E+00   2.7167E+02   2.6869E-08   6.4946E+01   3.6393E-01   7.8038E-01   3.0444E+00
-4.4845E-02   2.1970E-02   2.2762E-02   2.3876E+01   1.0241E+00   2.0135E+00   2.2590E+00   2.7175E+02   2.9894E-08   6.1527E+01   3.6872E-01   7.2359E-01   2.9643E+00
-4.4132E-02   2.3370E-02   2.4333E-02   2.0353E+01   1.1857E+00   2.2528E+00   2.5458E+00   2.7161E+02   3.7844E-08   6.7910E+01   4.1943E-01   8.2310E-01   3.1473E+00
-4.3395E-02   2.4756E-02   2.5902E-02   1.2930E+01   1.4415E+00   2.5497E+00   2.9290E+00   2.7159E+02   4.5393E-08   6.9397E+01   5.2292E-01   9.4334E-01   3.3748E+00
-4.2587E-02   2.6100E-02   2.7472E-02   4.5825E+00   1.4246E+00   2.2406E+00   2.6552E+00   2.7180E+02   4.4193E-08   5.9880E+01   5.2726E-01   8.1181E-01   3.2130E+00
-4.1732E-02   2.7416E-02   2.9042E-02   2.0624E+00   1.4640E+00   2.2098E+00   2.6508E+00   2.7170E+02   5.0824E-08   6.3863E+01   5.2598E-01   8.0984E-01   3.2114E+00
-4.0877E-02   2.8733E-02   3.0612E-02  -3.6043E+00   1.9561E+00   2.8663E+00   3.4702E+00   2.7149E+02   6.7854E-08   7.5174E+01   7.1081E-01   1.0944E+00   3.6732E+00
-3.9955E-02   3.0002E-02   3.2182E-02  -1.7410E+01   1.8665E+00   2.4066E+00   3.0455E+00   2.7183E+02   5.8967E-08   5.9097E+01   7.0940E-01   8.7588E-01   3.4395E+00
-3.8966E-02   3.1223E-02   3.3753E-02  -1.8133E+01   1.7661E+00   2.1386E+00   2.7735E+00   2.7176E+02   6.5942E-08   6.1693E+01   6.3886E-01   7.8879E-01   3.2847E+00
-3.7977E-02   3.2444E-02   3.5324E-02  -2.1983E+01   2.2228E+00   2.6422E+00   3.4529E+00   2.7156E+02   8.4135E-08   7.1732E+01   8.1646E-01   1.0081E+00   3.6650E+00
-3.6948E-02   3.3628E-02   3.6894E-02  -3.4696E+01   2.3520E+00   2.5523E+00   3.4707E+00   2.7174E+02   8.3730E-08   6.3634E+01   8.9099E-01   9.5521E-01   3.6729E+00
-3.5857E-02   3.4757E-02   3.8464E-02  -3.9884E+01   2.1636E+00   2.1512E+00   3.0511E+00   2.7183E+02   8.3472E-08   5.9105E+01   7.9828E-01   7.9805E-01   3.4446E+00
-3.4746E-02   3.5867E-02   4.0035E-02  -4.1699E+01   2.4178E+00   2.3464E+00   3.3692E+00   2.7166E+02   9.9023E-08   6.7179E+01   8.9221E-01   8.9195E-01   3.6204E+00
-3.3617E-02   3.6957E-02   4.1605E-02  -5.0922E+01   2.8500E+00   2.6071E+00   3.8626E+00   2.7164E+02   1.1203E-07   6.9028E+01   1.0806E+00   1.0074E+00   3.8752E+00
-3.2434E-02   3.7986E-02   4.3174E-02  -6.1624E+01   2.5475E+00   2.0918E+00   3.2963E+00   2.7187E+02   9.9333E-08   5.7518E+01   9.5734E-01   7.7500E-01   3.5796E+00
-3.1214E-02   3.8973E-02   4.4743E-02  -6.0883E+01   2.4548E+00   1.9381E+00   3.1277E+00   2.7175E+02   1.0819E-07   6.2589E+01   9.0168E-01   7.2994E-01   3.4881E+00
-2.9994E-02   3.9961E-02   4.6313E-02  -6.5199E+01   3.3473E+00   2.5847E+00   4.2291E+00   2.7151E+02   1.4301E-07   7.5881E+01   1.2766E+00   1.0335E+00   4.0549E+00
-2.8726E-02   4.0882E-02   4.7882E-02  -8.3169E+01   2.9273E+00   1.9871E+00   3.5381E+00   2.7188E+02   1.1435E-07   5.7329E+01   1.1203E+00   7.2732E-01   3.7069E+00
-2.7409E-02   4.1737E-02   4.9452E-02  -7.9063E+01   2.5124E+00   1.5872E+00   2.9718E+00   2.7179E+02   1.1799E-07   6.0447E+01   9.1907E-01   5.9669E-01   3.3998E+00
-2.6093E-02   4.2592E-02   5.1022E-02  -7.9670E+01   3.2295E+00   2.0081E+00   3.8030E+00   2.7157E+02   1.4735E-07   7.2055E+01   1.2160E+00   7.8948E-01   3.8462E+00
-2.4749E-02   4.3399E-02   5.2590E-02  -9.3296E+01   3.2797E+00   1.8423E+00   3.7617E+00   2.7177E+02   1.3912E-07   6.2981E+01   1.2535E+00   6.9466E-01   3.8236E+00
-2.3364E-02   4.4135E-02   5.4159E-02  -9.5701E+01   2.7560E+00   1.3887E+00   3.0861E+00   2.7185E+02   1.2808E-07   5.8004E+01   1.0188E+00   5.1898E-01   3.4641E+00
-2.1965E-02   4.4848E-02   5.5729E-02  -9.3130E+01   3.0293E+00   1.4817E+00   3.3723E+00   2.7166E+02   1.4592E-07   6.7241E+01   1.1253E+00   5.7323E-01   3.6220E+00
-2.0555E-02   4.5535E-02   5.7297E-02  -9.9995E+01   3.5601E+00   1.6175E+00   3.9103E+00   2.7164E+02   1.6173E-07   6.9327E+01   1.3583E+00   6.3327E-01   3.8991E+00
-1.9112E-02   4.6148E-02   5.8866E-02  -1.0877E+02   2.9154E+00   1.1445E+00   3.1320E+00   2.7189E+02   1.3256E-07   5.6561E+01   1.0856E+00   4.1664E-01   3.4891E+00
-1.7647E-02   4.6710E-02   6.0436E-02  -1.0280E+02   2.6097E+00   9.5772E-01   2.7799E+00   2.7173E+02   1.3362E-07   6.2851E+01   9.4993E-01   3.6457E-01   3.2885E+00
-1.6181E-02   4.7272E-02   6.2006E-02  -1.0234E+02   3.7537E+00   1.3400E+00   3.9857E+00   2.7147E+02   1.7774E-07   7.7037E+01   1.4300E+00   5.4881E-01   3.9367E+00
-1.4690E-02   4.7757E-02   6.3575E-02  -1.1794E+02   2.9896E+00   8.8068E-01   3.1166E+00   2.7190E+02   1.3028E-07   5.6056E+01   1.1173E+00   2.9933E-01   3.4789E+00
-1.3174E-02   4.8163E-02   6.5145E-02  -1.0815E+02   2.1957E+00   5.5190E-01   2.2640E+00   2.7177E+02   1.1840E-07   6.0243E+01   7.8618E-01   2.1062E-01   2.9675E+00
-1.1658E-02   4.8569E-02   6.6715E-02  -1.0317E+02   2.9991E+00   7.3627E-01   3.0882E+00   2.7153E+02   1.4516E-07   7.2339E+01   1.1043E+00   2.9585E-01   3.4661E+00
-1.0130E-02   4.8922E-02   6.8284E-02  -1.1134E+02   2.8692E+00   5.8598E-01   2.9284E+00   2.7178E+02   1.2784E-07   6.1150E+01   1.0590E+00   2.0580E-01   3.3735E+00
-8.5850E-03   4.9194E-02   6.9853E-02  -1.0824E+02   1.9735E+00   3.0627E-01   1.9971E+00   2.7187E+02   9.9887E-08   5.5659E+01   7.0345E-01   1.1140E-01   2.7867E+00
-7.0345E-03   4.9440E-02   7.1422E-02  -1.0002E+02   2.0644E+00   2.8820E-01   2.0844E+00   2.7166E+02   1.0207E-07   6.5052E+01   7.3566E-01   1.1650E-01   2.8476E+00
-5.4812E-03   4.9658E-02   7.2991E-02  -9.9303E+01   2.4336E+00   2.7799E-01   2.4494E+00   2.7167E+02   1.0658E-07   6.5060E+01   8.8004E-01   1.0805E-01   3.0858E+00
-3.9192E-03   4.9795E-02   7.4560E-02  -1.0056E+02   1.4640E+00   1.0506E-01   1.4678E+00   2.7200E+02   6.7592E-08   4.9404E+01   5.1504E-01   2.6988E-02   2.3880E+00
-2.3515E-03   4.9877E-02   7.6130E-02  -9.0163E+01   6.7298E-01   1.5578E-02   6.7316E-01   2.7185E+02   4.6310E-08   5.5449E+01   2.3184E-01   1.2148E-02   1.6177E+00
-7.8384E-04   4.9959E-02   7.7700E-02  -8.1628E+01   1.6108E+00   3.0121E-02   1.6111E+00   2.7159E+02   6.1950E-08   6.7638E+01   5.6700E-01   2.9710E-02   2.5021E+00
 7.8384E-04   4.9959E-02   7.9270E-02  -8.4421E+01   6.3033E-01   2.0151E-02   6.3065E-01   2.7220E+02   2.6686E-08   4.0453E+01   2.1680E-01  -1.1360E-02   1.5617E+00
 2.3515E-03   4.9877E-02   8.0840E-02  -7.3676E+01  -6.3375E-01   1.5105E-02   6.3393E-01   2.7209E+02   1.1364E-08   4.4975E+01  -2.1834E-01   1.1441E-02   1.5693E+00
 3.9192E-03   4.9795E-02   8.2409E-02  -6.4122E+01  -1.5949E-01  -1.1806E-02   1.5993E-01   2.7185E+02   1.1315E-08   5.4939E+01  -5.4319E-02   2.8463E-03   7.8534E-01
 5.4812E-03   4.9658E-02   8.3978E-02  -6.0312E+01  -3.2306E-01   4.5826E-02   3.2629E-01   2.7225E+02   6.1433E-09   3.8212E+01  -1.1138E-01   1.3675E-02   1.1252E+00
 7.0345E-03   4.9440E-02   8.5547E-02  -5.5464E+01  -7.9540E-01   1.2660E-01   8.0541E-01   2.7225E+02   3.0995E-08   3.8475E+01  -2.7549E-01   4.3626E-02   1.7687E+00
 8.5850E-03   4.9194E-02   8.7117E-02  -5.0662E+01  -8.2350E-01   1.2897E-01   8.3354E-01   2.7220E+02   2.8636E-08   4.0577E+01  -2.8522E-01   4.5167E-02   1.7994E+00
 1.0130E-02   4.8922E-02   8.8686E-02  -4.7299E+01  -6.8276E-01   1.2506E-01   6.9412E-01   2.7232E+02   1.2734E-08   3.5408E+01  -2.3569E-01   4.5802E-02   1.6411E+00
 1.1658E-02   4.8569E-02   9.0255E-02  -4.5467E+01  -5.8953E-01   1.4965E-01   6.0823E-01   2.7236E+02   6.1958E-09   3.3631E+01  -2.0284E-01   5.4342E-02   1.5365E+00
 1.3174E-02   4.8163E-02   9.1824E-02  -4.4101E+01  -5.5872E-01   1.4977E-01   5.7845E-01   2.7229E+02   5.0158E-09   3.6390E+01  -1.9272E-01   5.1630E-02   1.4989E+00
 1.4690E-02   4.7757E-02   9.3394E-02  -4.2839E+01  -4.8741E-01   1.2731E-01   5.0376E-01   2.7220E+02   5.3174E-09   4.0481E+01  -1.6777E-01   4.4946E-02   1.3983E+00
 1.6181E-02   4.7272E-02   9.4964E-02  -4.2155E+01  -3.8787E-01   1.4376E-01   4.1365E-01   2.7225E+02   3.7172E-09   3.8151E+01  -1.3299E-01   5.1042E-02   1.2669E+00
 1.7647E-02   4.6710E-02   9.6534E-02  -4.1558E+01  -3.1614E-01   1.1803E-01   3.3745E-01   2.7233E+02   1.5454E-09   3.4914E+01  -1.0830E-01   4.1566E-02   1.1448E+00
 1.9112E-02   4.6148E-02   9.8103E-02  -4.1336E+01  -2.6963E-01   1.0402E-01   2.8900E-01   2.7243E+02   9.9284E-10   3.0654E+01  -9.2771E-02   3.5605E-02   1.0591E+00
 2.0555E-02   4.5535E-02   9.9672E-02  -4.0953E+01  -2.5498E-01   1.1614E-01   2.8019E-01   2.7246E+02   7.3516E-10   2.9276E+01  -8.7352E-02   4.0726E-02   1.0425E+00
 2.1965E-02   4.4848E-02   1.0124E-01  -4.0636E+01  -2.0116E-01   9.9629E-02   2.2448E-01   2.7251E+02   4.9162E-10   2.6991E+01  -6.8723E-02   3.5008E-02   9.3336E-01
 2.3364E-02   4.4135E-02   1.0281E-01  -4.0502E+01  -1.6875E-01   8.5542E-02   1.8919E-01   2.7257E+02   3.7347E-10   2.4729E+01  -5.7915E-02   2.9503E-02   8.5683E-01
 2.4749E-02   4.3399E-02   1.0438E-01  -4.0363E+01  -1.6848E-01   9.4036E-02   1.9294E-01   2.7258E+02   3.1832E-10   2.4155E+01  -5.8025E-02   3.2155E-02   8.6495E-01
 2.6093E-02   4.2592E-02   1.0595E-01  -4.0102E+01  -1.3988E-01   8.7317E-02   1.6490E-01   2.7259E+02   2.3943E-10   2.3741E+01  -4.7513E-02   3.0847E-02   7.9973E-01
 2.7409E-02   4.1737E-02   1.0752E-01  -4.0016E+01  -9.4270E-02   5.9882E-02   1.1168E-01   2.7265E+02   1.6043E-10   2.1376E+01  -3.2163E-02   2.0881E-02   6.5827E-01
 2.8726E-02   4.0882E-02   1.0909E-01  -4.0026E+01  -9.7954E-02   6.5792E-02   1.1800E-01   2.7266E+02   1.4314E-10   2.0675E+01  -3.4018E-02   2.2086E-02   6.7624E-01
 2.9994E-02   3.9961E-02   1.1066E-01  -3.9851E+01  -8.5309E-02   6.5278E-02   1.0742E-01   2.7264E+02   1.2363E-10   2.1733E+01  -2.8686E-02   2.3222E-02   6.4515E-01
 3.1214E-02   3.8973E-02   1.1223E-01  -3.9850E+01  -4.3996E-02   3.4643E-02   5.5998E-02   2.7270E+02   7.5737E-11   1.9259E+01  -1.4941E-02   1.2096E-02   4.6608E-01
 3.2434E-02   3.7986E-02   1.1380E-01  -3.9898E+01  -4.4705E-02   3.6812E-02   5.7911E-02   2.7271E+02   7.5574E-11   1.8577E+01  -1.5460E-02   1.2515E-02   4.7388E-01
 3.3617E-02   3.6957E-02   1.1537E-01  -3.9884E+01  -4.3685E-02   3.9775E-02   5.9080E-02   2.7269E+02   7.8233E-11   1.9650E+01  -1.4848E-02   1.3843E-02   4.7853E-01
 3.4746E-02   3.5867E-02   1.1693E-01  -3.9913E+01  -2.4134E-02   2.3095E-02   3.3404E-02   2.7271E+02   6.1110E-11   1.8833E+01  -8.1094E-03   8.1070E-03   3.5992E-01
 3.5857E-02   3.4757E-02   1.1851E-01  -4.0014E+01  -1.9364E-02   1.9447E-02   2.7443E-02   2.7273E+02   6.4165E-11   1.7816E+01  -6.6643E-03   6.6623E-03   3.2626E-01
 3.6948E-02   3.3628E-02   1.2008E-01  -4.0110E+01  -3.8289E-02   4.3146E-02   5.7685E-02   2.7270E+02   1.0116E-10   1.9033E+01  -1.3517E-02   1.4491E-02   4.7278E-01
 3.7977E-02   3.2444E-02   1.2165E-01  -4.0103E+01  -3.7820E-02   4.4916E-02   5.8718E-02   2.7266E+02   1.2008E-10   2.0840E+01  -1.2690E-02   1.5668E-02   4.7717E-01
 3.8966E-02   3.1223E-02   1.2322E-01  -4.0227E+01  -2.1846E-02   2.6018E-02   3.3973E-02   2.7268E+02   1.2153E-10   1.9991E+01  -7.3389E-03   9.0611E-03   3.6303E-01
 3.9955E-02   3.0002E-02   1.2479E-01  -4.0463E+01  -6.0602E-02   8.2845E-02   1.0264E-01   2.7265E+02   2.3188E-10   2.1212E+01  -2.2178E-02   2.7383E-02   6.3038E-01
 4.0877E-02   2.8733E-02   1.2636E-01  -4.0312E+01  -8.0854E-02   1.1877E-01   1.4368E-01   2.7254E+02   3.5276E-10   2.6099E+01  -2.6891E-02   4.1403E-02   7.4629E-01
 4.1732E-02   2.7416E-02   1.2793E-01  -4.0416E+01  -5.7723E-02   8.8254E-02   1.0545E-01   2.7256E+02   3.3566E-10   2.5108E+01  -1.9717E-02   3.0358E-02   6.3975E-01
 4.2587E-02   2.6100E-02   1.2950E-01  -4.0606E+01  -8.7290E-02   1.4124E-01   1.6603E-01   2.7253E+02   4.9285E-10   2.6272E+01  -3.1060E-02   4.7822E-02   8.0251E-01
 4.3395E-02   2.4756E-02   1.3107E-01  -4.0487E+01  -1.1223E-01   2.0249E-01   2.3151E-01   2.7243E+02   6.8960E-10   3.0568E+01  -3.8589E-02   6.9614E-02   9.4767E-01
 4.4132E-02   2.3370E-02   1.3264E-01  -4.0348E+01  -1.0165E-01   1.9533E-01   2.2020E-01   2.7240E+02   7.2466E-10   3.1891E+01  -3.4337E-02   6.7385E-02   9.2459E-01
 4.4845E-02   2.1970E-02   1.3421E-01  -4.0391E+01  -1.0395E-01   2.0642E-01   2.3112E-01   2.7240E+02   7.9996E-10   3.2003E+01  -3.6045E-02   7.0737E-02   9.4726E-01
 4.5533E-02   2.0559E-02   1.3578E-01  -4.0324E+01  -1.2376E-01   2.7689E-01   3.0329E-01   2.7233E+02   9.8633E-10   3.4698E+01  -4.4085E-02   9.4531E-02   1.0848E+00
 4.6146E-02   1.9115E-02   1.3735E-01  -3.9868E+01  -1.1938E-01   2.9720E-01   3.2028E-01   2.7224E+02   1.0726E-09   3.8602E+01  -3.9451E-02   1.0278E-01   1.1151E+00
 4.6709E-02   1.7649E-02   1.3892E-01  -3.9689E+01  -9.9417E-02   2.5368E-01   2.7247E-01   2.7226E+02   9.7590E-10   3.7649E+01  -3.3536E-02   8.7367E-02   1.0288E+00
 4.7272E-02   1.6183E-02   1.4049E-01  -3.9666E+01  -1.0802E-01   3.0824E-01   3.2661E-01   2.7224E+02   1.0821E-09   3.8494E+01  -4.0248E-02   1.0485E-01   1.1256E+00
 4.7756E-02   1.4691E-02   1.4206E-01  -3.8998E+01  -1.0298E-01   3.5016E-01   3.6499E-01   2.7209E+02   1.3143E-09   4.5261E+01  -3.2485E-02   1.2125E-01   1.1902E+00
 4.8163E-02   1.3175E-02   1.4363E-01  -3.8680E+01  -7.5653E-02   2.7780E-01   2.8791E-01   2.7213E+02   1.0333E-09   4.3258E+01  -2.5586E-02   9.5499E-02   1.0577E+00
 4.8569E-02   1.1658E-02   1.4520E-01  -3.8450E+01  -7.3517E-02   2.8967E-01   2.9885E-01   2.7208E+02   1.3059E-09   4.5495E+01  -2.6566E-02   9.9158E-02   1.0775E+00
 4.8922E-02   1.0130E-02   1.4677E-01  -3.7994E+01  -6.1547E-02   3.0329E-01   3.0947E-01   2.7193E+02   2.7166E-09   5.1960E+01  -2.0284E-02   1.0437E-01   1.0965E+00
 4.9194E-02   8.5852E-03   1.4834E-01  -3.7602E+01  -4.2846E-02   2.5210E-01   2.5572E-01   2.7192E+02   2.4043E-09   5.2372E+01  -1.3723E-02   8.6655E-02   9.9705E-01
 4.9440E-02   7.0346E-03   1.4991E-01  -3.7340E+01  -3.3307E-02   2.1013E-01   2.1275E-01   2.7192E+02   2.1651E-09   5.1972E+01  -1.1413E-02   7.2071E-02   9.0946E-01
 4.9658E-02   5.4812E-03   1.5148E-01  -3.7085E+01  -2.2256E-02   1.8363E-01   1.8497E-01   2.7189E+02   2.2536E-09   5.3475E+01  -7.7345E-03   6.2994E-02   8.4774E-01
 4.9795E-02   3.9192E-03   1.5304E-01  -3.6822E+01  -1.1902E-02   1.4776E-01   1.4824E-01   2.7169E+02   2.4640E-08   6.2022E+01  -2.6569E-03   5.0703E-02   7.5915E-01
 4.9877E-02   2.3515E-03   1.5461E-01  -3.6691E+01  -6.9514E-03   8.4190E-02   8.4476E-02   2.7169E+02   2.4942E-08   6.1923E+01  -1.5127E-03   2.8869E-02   5.7319E-01
 4.9959E-02   7.8385E-04   1.5618E-01  -3.6619E+01  -4.5171E-03   3.1020E-02   3.1347E-02   2.7164E+02   2.6821E-08   6.3991E+01  -5.5959E-04   1.0679E-02   3.4834E-01
