#        X=           Y=           S=           P=           U=           V=         Vel=           T=         mut=         hcv=          Ax=          Ay=       Yplus=
 9.9902E-01  -1.3955E-03  -1.0186E+00   4.8040E+02   1.3338E+00   2.0008E-01   1.3487E+00   2.6204E+02   6.8303E-13   3.5803E+03   3.3729E+00   5.0596E-01   1.0104E+00
 9.7881E-01  -4.1857E-03  -9.9825E-01   3.8639E+02   1.2808E+00   1.7961E-01   1.2933E+00   2.6204E+02   1.8918E-13   4.7021E+03   4.2538E+00   5.9652E-01   8.6337E-01
 9.5823E-01  -6.9654E-03  -9.7747E-01   3.0460E+02   1.3820E+00   1.8455E-01   1.3943E+00   2.6204E+02   2.1608E-13   4.7023E+03   4.5902E+00   6.1295E-01   8.9643E-01
 9.3729E-01  -9.7237E-03  -9.5635E-01   2.4549E+02   1.4772E+00   1.9216E-01   1.4897E+00   2.6204E+02   2.4246E-13   4.7023E+03   4.9063E+00   6.3822E-01   9.2657E-01
 9.1602E-01  -1.2456E-02  -9.3490E-01   1.9643E+02   1.5443E+00   1.9588E-01   1.5567E+00   2.6204E+02   2.6379E-13   4.7023E+03   5.1291E+00   6.5057E-01   9.4718E-01
 8.9445E-01  -1.5157E-02  -9.1317E-01   1.5542E+02   1.6006E+00   1.9803E-01   1.6128E+00   2.6204E+02   2.8536E-13   4.7023E+03   5.3162E+00   6.5773E-01   9.6412E-01
 8.7262E-01  -1.7824E-02  -8.9118E-01   1.2006E+02   1.6482E+00   1.9882E-01   1.6601E+00   2.6204E+02   3.0496E-13   4.7023E+03   5.4740E+00   6.6033E-01   9.7814E-01
 8.5056E-01  -2.0451E-02  -8.6897E-01   8.8866E+01   1.6901E+00   1.9874E-01   1.7017E+00   2.6204E+02   3.2314E-13   4.7023E+03   5.6133E+00   6.6007E-01   9.9033E-01
 8.2832E-01  -2.3033E-02  -8.4657E-01   6.1378E+01   1.7276E+00   1.9786E-01   1.7388E+00   2.6204E+02   3.4018E-13   4.7023E+03   5.7377E+00   6.5716E-01   1.0011E+00
 8.0591E-01  -2.5566E-02  -8.2402E-01   3.6196E+01   1.7618E+00   1.9656E-01   1.7727E+00   2.6204E+02   3.5643E-13   4.7023E+03   5.8515E+00   6.5285E-01   1.0108E+00
 7.8339E-01  -2.8045E-02  -8.0136E-01   1.3206E+01   1.7938E+00   1.9474E-01   1.8044E+00   2.6204E+02   3.7202E-13   4.7023E+03   5.9578E+00   6.4678E-01   1.0198E+00
 7.6079E-01  -3.0464E-02  -7.7863E-01  -7.7794E+00   1.8235E+00   1.9242E-01   1.8336E+00   2.6204E+02   3.8688E-13   4.7023E+03   6.0564E+00   6.3909E-01   1.0280E+00
 7.3815E-01  -3.2819E-02  -7.5587E-01  -2.7646E+01   1.8519E+00   1.8986E-01   1.8616E+00   2.6204E+02   4.0155E-13   4.7023E+03   6.1507E+00   6.3059E-01   1.0358E+00
 7.1551E-01  -3.5105E-02  -7.3312E-01  -4.6173E+01   1.8795E+00   1.8688E-01   1.8887E+00   2.6204E+02   4.1616E-13   4.7023E+03   6.2423E+00   6.2067E-01   1.0433E+00
 6.9291E-01  -3.7316E-02  -7.1041E-01  -6.3759E+01   1.9063E+00   1.8356E-01   1.9151E+00   2.6204E+02   4.3073E-13   4.7023E+03   6.3314E+00   6.0967E-01   1.0506E+00
 6.7040E-01  -3.9448E-02  -6.8780E-01  -8.0177E+01   1.9325E+00   1.7982E-01   1.9408E+00   2.6204E+02   4.4536E-13   4.7023E+03   6.4184E+00   5.9722E-01   1.0576E+00
 6.4800E-01  -4.1495E-02  -6.6531E-01  -9.6191E+01   1.9584E+00   1.7581E-01   1.9663E+00   2.6204E+02   4.6019E-13   4.7023E+03   6.5046E+00   5.8393E-01   1.0645E+00
 6.2576E-01  -4.3454E-02  -6.4298E-01  -1.1125E+02   1.9844E+00   1.7129E-01   1.9918E+00   2.6204E+02   4.7527E-13   4.7023E+03   6.5909E+00   5.6890E-01   1.0714E+00
 6.0371E-01  -4.5317E-02  -6.2085E-01  -1.2546E+02   2.0100E+00   1.6632E-01   2.0169E+00   2.6204E+02   4.9053E-13   4.7023E+03   6.6760E+00   5.5241E-01   1.0781E+00
 5.8190E-01  -4.7083E-02  -5.9896E-01  -1.3923E+02   2.0357E+00   1.6097E-01   2.0421E+00   2.6204E+02   5.0614E-13   4.7023E+03   6.7612E+00   5.3464E-01   1.0848E+00
 5.6034E-01  -4.8746E-02  -5.7735E-01  -1.5225E+02   2.0616E+00   1.5505E-01   2.0674E+00   2.6204E+02   5.2210E-13   4.7023E+03   6.8472E+00   5.1496E-01   1.0916E+00
 5.3908E-01  -5.0302E-02  -5.5603E-01  -1.6439E+02   2.0874E+00   1.4855E-01   2.0927E+00   2.6204E+02   5.3833E-13   4.7023E+03   6.9329E+00   4.9339E-01   1.0982E+00
 5.1815E-01  -5.1748E-02  -5.3505E-01  -1.7593E+02   2.1132E+00   1.4154E-01   2.1180E+00   2.6204E+02   5.5491E-13   4.7023E+03   7.0187E+00   4.7009E-01   1.1048E+00
 4.9757E-01  -5.3082E-02  -5.1442E-01  -1.8673E+02   2.1393E+00   1.3388E-01   2.1435E+00   2.6204E+02   5.7184E-13   4.7023E+03   7.1053E+00   4.4466E-01   1.1115E+00
 4.7737E-01  -5.4300E-02  -4.9419E-01  -1.9645E+02   2.1653E+00   1.2550E-01   2.1690E+00   2.6204E+02   5.8900E-13   4.7023E+03   7.1918E+00   4.1682E-01   1.1180E+00
 4.5758E-01  -5.5400E-02  -4.7436E-01  -2.0530E+02   2.1912E+00   1.1649E-01   2.1943E+00   2.6204E+02   6.0638E-13   4.7023E+03   7.2777E+00   3.8689E-01   1.1246E+00
 4.3821E-01  -5.6381E-02  -4.5497E-01  -2.1315E+02   2.2171E+00   1.0675E-01   2.2197E+00   2.6204E+02   6.2397E-13   4.7023E+03   7.3638E+00   3.5456E-01   1.1310E+00
 4.1929E-01  -5.7243E-02  -4.3603E-01  -2.1980E+02   2.2428E+00   9.6252E-02   2.2449E+00   2.6204E+02   6.4167E-13   4.7023E+03   7.4492E+00   3.1968E-01   1.1375E+00
 4.0083E-01  -5.7986E-02  -4.1756E-01  -2.2526E+02   2.2682E+00   8.5016E-02   2.2698E+00   2.6204E+02   6.5943E-13   4.7023E+03   7.5334E+00   2.8236E-01   1.1437E+00
 3.8285E-01  -5.8610E-02  -3.9956E-01  -2.2967E+02   2.2935E+00   7.3048E-02   2.2946E+00   2.6204E+02   6.7731E-13   4.7023E+03   7.6173E+00   2.4262E-01   1.1500E+00
 3.6535E-01  -5.9117E-02  -3.8206E-01  -2.3272E+02   2.3185E+00   6.0207E-02   2.3193E+00   2.6204E+02   6.9516E-13   4.7023E+03   7.7005E+00   1.9997E-01   1.1561E+00
 3.4836E-01  -5.9507E-02  -3.6506E-01  -2.3427E+02   2.3430E+00   4.6527E-02   2.3435E+00   2.6204E+02   7.1280E-13   4.7023E+03   7.7819E+00   1.5453E-01   1.1622E+00
 3.3187E-01  -5.9783E-02  -3.4858E-01  -2.3430E+02   2.3670E+00   3.2037E-02   2.3672E+00   2.6204E+02   7.3017E-13   4.7023E+03   7.8615E+00   1.0641E-01   1.1680E+00
 3.1590E-01  -5.9947E-02  -3.3260E-01  -2.3265E+02   2.3902E+00   1.6716E-02   2.3903E+00   2.6204E+02   7.4712E-13   4.7023E+03   7.9388E+00   5.5520E-02   1.1737E+00
 3.0044E-01  -6.0004E-02  -3.1715E-01  -2.2927E+02   2.4127E+00   5.9977E-04   2.4127E+00   2.6204E+02   7.6362E-13   4.7023E+03   8.0132E+00   1.9920E-03   1.1792E+00
 2.8551E-01  -5.9957E-02  -3.0221E-01  -2.2431E+02   2.4342E+00  -1.6269E-02   2.4343E+00   2.6204E+02   7.7967E-13   4.7023E+03   8.0848E+00  -5.4033E-02   1.1844E+00
 2.7109E-01  -5.9810E-02  -2.8779E-01  -2.1794E+02   2.4553E+00  -3.3921E-02   2.4555E+00   2.6204E+02   7.9524E-13   4.7023E+03   8.1549E+00  -1.1266E-01   1.1896E+00
 2.5719E-01  -5.9567E-02  -2.7388E-01  -2.0943E+02   2.4756E+00  -5.2576E-02   2.4762E+00   2.6204E+02   8.0994E-13   4.7023E+03   8.2223E+00  -1.7462E-01   1.1946E+00
 2.4380E-01  -5.9232E-02  -2.6049E-01  -1.9867E+02   2.4943E+00  -7.1991E-02   2.4953E+00   2.6204E+02   8.2361E-13   4.7023E+03   8.2843E+00  -2.3911E-01   1.1992E+00
 2.3092E-01  -5.8811E-02  -2.4760E-01  -1.8638E+02   2.5117E+00  -9.1967E-02   2.5134E+00   2.6204E+02   8.3640E-13   4.7023E+03   8.3424E+00  -3.0545E-01   1.2036E+00
 2.1854E-01  -5.8310E-02  -2.3521E-01  -1.7216E+02   2.5285E+00  -1.1282E-01   2.5310E+00   2.6204E+02   8.4820E-13   4.7023E+03   8.3979E+00  -3.7471E-01   1.2077E+00
 2.0666E-01  -5.7731E-02  -2.2332E-01  -1.5566E+02   2.5437E+00  -1.3448E-01   2.5473E+00   2.6204E+02   8.5871E-13   4.7023E+03   8.4485E+00  -4.4664E-01   1.2116E+00
 1.9526E-01  -5.7082E-02  -2.1190E-01  -1.3719E+02   2.5574E+00  -1.5674E-01   2.5622E+00   2.6204E+02   8.6793E-13   4.7023E+03   8.4940E+00  -5.2057E-01   1.2152E+00
 1.8434E-01  -5.6366E-02  -2.0096E-01  -1.1678E+02   2.5697E+00  -1.7969E-01   2.5760E+00   2.6204E+02   8.7576E-13   4.7023E+03   8.5348E+00  -5.9683E-01   1.2184E+00
 1.7389E-01  -5.5589E-02  -1.9048E-01  -9.4278E+01   2.5805E+00  -2.0338E-01   2.5885E+00   2.6204E+02   8.8195E-13   4.7023E+03   8.5708E+00  -6.7551E-01   1.2214E+00
 1.6389E-01  -5.4757E-02  -1.8044E-01  -6.9506E+01   2.5897E+00  -2.2778E-01   2.5997E+00   2.6204E+02   8.8635E-13   4.7023E+03   8.6013E+00  -7.5655E-01   1.2240E+00
 1.5434E-01  -5.3872E-02  -1.7085E-01  -4.2443E+01   2.5969E+00  -2.5278E-01   2.6092E+00   2.6204E+02   8.8878E-13   4.7023E+03   8.6253E+00  -8.3958E-01   1.2263E+00
 1.4521E-01  -5.2941E-02  -1.6168E-01  -1.3029E+01   2.6019E+00  -2.7831E-01   2.6168E+00   2.6204E+02   8.8908E-13   4.7023E+03   8.6420E+00  -9.2437E-01   1.2280E+00
 1.3651E-01  -5.1969E-02  -1.5293E-01   1.8587E+01   2.6046E+00  -3.0427E-01   2.6223E+00   2.6204E+02   8.8707E-13   4.7023E+03   8.6509E+00  -1.0106E+00   1.2293E+00
 1.2822E-01  -5.0959E-02  -1.4457E-01   5.2379E+01   2.6052E+00  -3.3070E-01   2.6261E+00   2.6204E+02   8.8282E-13   4.7023E+03   8.6527E+00  -1.0984E+00   1.2302E+00
 1.2032E-01  -4.9916E-02  -1.3660E-01   8.8178E+01   2.6042E+00  -3.5768E-01   2.6286E+00   2.6204E+02   8.7649E-13   4.7024E+03   8.6494E+00  -1.1880E+00   1.2308E+00
 1.1280E-01  -4.8843E-02  -1.2901E-01   1.2648E+02   2.6014E+00  -3.8539E-01   2.6298E+00   2.6204E+02   8.6779E-13   4.7024E+03   8.6404E+00  -1.2800E+00   1.2311E+00
 1.0565E-01  -4.7745E-02  -1.2178E-01   1.6740E+02   2.5963E+00  -4.1357E-01   2.6291E+00   2.6204E+02   8.5646E-13   4.7024E+03   8.6234E+00  -1.3736E+00   1.2309E+00
 9.8858E-02  -4.6624E-02  -1.1489E-01   2.1101E+02   2.5885E+00  -4.4208E-01   2.6260E+00   2.6204E+02   8.4247E-13   4.7024E+03   8.5974E+00  -1.4683E+00   1.2302E+00
 9.2406E-02  -4.5485E-02  -1.0834E-01   2.5691E+02   2.5782E+00  -4.7081E-01   2.6209E+00   2.6204E+02   8.2582E-13   4.7024E+03   8.5633E+00  -1.5638E+00   1.2290E+00
 8.6282E-02  -4.4330E-02  -1.0211E-01   3.0548E+02   2.5655E+00  -5.0000E-01   2.6138E+00   2.6204E+02   8.0643E-13   4.7024E+03   8.5212E+00  -1.6607E+00   1.2273E+00
 8.0475E-02  -4.3162E-02  -9.6182E-02   3.5647E+02   2.5503E+00  -5.2943E-01   2.6047E+00   2.6204E+02   7.8417E-13   4.7024E+03   8.4708E+00  -1.7585E+00   1.2252E+00
 7.4971E-02  -4.1984E-02  -9.0553E-02   4.1027E+02   2.5327E+00  -5.5931E-01   2.5937E+00   2.6204E+02   7.5890E-13   4.7024E+03   8.4122E+00  -1.8577E+00   1.2226E+00
 6.9759E-02  -4.0797E-02  -8.5208E-02   4.6695E+02   2.5121E+00  -5.8940E-01   2.5803E+00   2.6204E+02   7.3055E-13   4.7024E+03   8.3438E+00  -1.9577E+00   1.2194E+00
 6.4826E-02  -3.9605E-02  -8.0133E-02   5.2651E+02   2.4886E+00  -6.1963E-01   2.5646E+00   2.6204E+02   6.9910E-13   4.7025E+03   8.2658E+00  -2.0581E+00   1.2157E+00
 6.0162E-02  -3.8410E-02  -7.5318E-02   5.8929E+02   2.4616E+00  -6.4989E-01   2.5459E+00   2.6204E+02   6.6467E-13   4.7025E+03   8.1761E+00  -2.1586E+00   1.2113E+00
 5.5753E-02  -3.7212E-02  -7.0749E-02   6.5470E+02   2.4315E+00  -6.7993E-01   2.5248E+00   2.6204E+02   6.2729E-13   4.7025E+03   8.0763E+00  -2.2584E+00   1.2063E+00
 5.1591E-02  -3.6014E-02  -6.6417E-02   7.2336E+02   2.3985E+00  -7.1019E-01   2.5014E+00   2.6204E+02   5.8696E-13   4.7025E+03   7.9665E+00  -2.3589E+00   1.2006E+00
 4.7662E-02  -3.4818E-02  -6.2311E-02   7.9528E+02   2.3610E+00  -7.3994E-01   2.4742E+00   2.6204E+02   5.4349E-13   4.7026E+03   7.8420E+00  -2.4577E+00   1.1941E+00
 4.3958E-02  -3.3624E-02  -5.8419E-02   8.7013E+02   2.3196E+00  -7.6914E-01   2.4438E+00   2.6204E+02   4.9677E-13   4.7026E+03   7.7047E+00  -2.5547E+00   1.1867E+00
 4.0469E-02  -3.2434E-02  -5.4733E-02   9.4870E+02   2.2733E+00  -7.9773E-01   2.4092E+00   2.6204E+02   4.4649E-13   4.7026E+03   7.5509E+00  -2.6497E+00   1.1783E+00
 3.7185E-02  -3.1249E-02  -5.1241E-02   1.0304E+03   2.2226E+00  -8.2518E-01   2.3708E+00   2.6204E+02   3.9404E-13   4.7027E+03   7.3825E+00  -2.7409E+00   1.1689E+00
 3.4096E-02  -3.0069E-02  -4.7934E-02   1.1153E+03   2.1700E+00  -8.5254E-01   2.3315E+00   2.6204E+02   3.4078E-13   4.7027E+03   7.2080E+00  -2.8318E+00   1.1591E+00
 3.1195E-02  -2.8897E-02  -4.4805E-02   1.2040E+03   2.1135E+00  -8.7930E-01   2.2891E+00   2.6204E+02   2.8810E-13   4.7027E+03   7.0202E+00  -2.9207E+00   1.1485E+00
 2.8472E-02  -2.7731E-02  -4.1843E-02   1.2956E+03   2.0487E+00  -9.0268E-01   2.2388E+00   2.6204E+02   2.3531E-13   4.7028E+03   6.8052E+00  -2.9984E+00   1.1358E+00
 2.5919E-02  -2.6574E-02  -3.9040E-02   1.3900E+03   1.9730E+00  -9.2124E-01   2.1775E+00   2.6204E+02   1.7982E-13   4.7029E+03   6.5538E+00  -3.0601E+00   1.1202E+00
 2.3530E-02  -2.5425E-02  -3.6389E-02   1.4876E+03   1.8866E+00  -9.3475E-01   2.1054E+00   2.6204E+02   1.2405E-13   4.7029E+03   6.2667E+00  -3.1050E+00   1.1015E+00
 2.1297E-02  -2.4285E-02  -3.3881E-02   1.5877E+03   1.7987E+00  -9.4626E-01   2.0324E+00   2.6204E+02   7.4459E-14   4.7030E+03   5.9750E+00  -3.1433E+00   1.0822E+00
 1.9213E-02  -2.3155E-02  -3.1510E-02   1.6895E+03   1.7265E+00  -9.6516E-01   1.9779E+00   2.6204E+02   4.1473E-14   4.7031E+03   5.7351E+00  -3.2061E+00   1.0676E+00
 1.7271E-02  -2.2035E-02  -2.9268E-02   1.7935E+03   1.6647E+00  -9.9085E-01   1.9373E+00   2.6204E+02   2.3545E-14   4.7032E+03   5.5302E+00  -3.2916E+00   1.0565E+00
 1.5465E-02  -2.0926E-02  -2.7149E-02   1.8985E+03   1.5994E+00  -1.0148E+00   1.8942E+00   2.6204E+02   1.4369E-14   4.7033E+03   5.3134E+00  -3.3713E+00   1.0447E+00
 1.3790E-02  -1.9828E-02  -2.5146E-02   2.0022E+03   1.5249E+00  -1.0323E+00   1.8415E+00   2.6204E+02   9.4456E-15   4.7034E+03   5.0661E+00  -3.4295E+00   1.0301E+00
 1.2239E-02  -1.8743E-02  -2.3253E-02   2.1045E+03   1.4361E+00  -1.0400E+00   1.7731E+00   2.6204E+02   6.5270E-15   4.7036E+03   4.7710E+00  -3.4552E+00   1.0107E+00
 1.0809E-02  -1.7670E-02  -2.1465E-02   2.2040E+03   1.3255E+00  -1.0297E+00   1.6785E+00   2.6204E+02   4.5811E-15   4.7037E+03   4.4039E+00  -3.4211E+00   9.8340E-01
 9.4928E-03  -1.6611E-02  -1.9775E-02   2.2982E+03   1.1917E+00  -9.9474E-01   1.5523E+00   2.6204E+02   3.2934E-15   4.7039E+03   3.9592E+00  -3.3050E+00   9.4568E-01
 8.2864E-03  -1.5566E-02  -1.8179E-02   2.3848E+03   1.0354E+00  -9.3084E-01   1.3923E+00   2.6204E+02   2.4009E-15   4.7040E+03   3.4403E+00  -3.0928E+00   8.9562E-01
 7.1851E-03  -1.4536E-02  -1.6671E-02   2.4616E+03   8.5624E-01  -8.3208E-01   1.1939E+00   2.6204E+02   1.8083E-15   4.7042E+03   2.8450E+00  -2.7648E+00   8.2934E-01
 6.1848E-03  -1.3524E-02  -1.5247E-02   2.5258E+03   6.5508E-01  -6.9050E-01   9.5179E-01   2.6204E+02   1.4986E-15   4.7044E+03   2.1767E+00  -2.2944E+00   7.4047E-01
 5.2805E-03  -1.2529E-02  -1.3903E-02   2.5744E+03   4.3598E-01  -4.9961E-01   6.6309E-01   2.6204E+02   1.3717E-15   4.7046E+03   1.4488E+00  -1.6602E+00   6.1803E-01
 4.4674E-03  -1.1554E-02  -1.2633E-02   2.6043E+03   2.0493E-01  -2.5549E-01   3.2752E-01   2.6204E+02   1.3921E-15   4.7048E+03   6.8100E-01  -8.4901E-01   4.3434E-01
 3.7415E-03  -1.0600E-02  -1.1433E-02   2.6129E+03  -2.9782E-02   4.3408E-02   5.2642E-02   2.6204E+02   1.5982E-15   4.7050E+03  -9.8973E-02   1.4426E-01   1.7410E-01
 3.0985E-03  -9.6688E-03  -1.0302E-02   2.5983E+03  -2.5947E-01   3.9874E-01   4.7573E-01   2.6204E+02   1.9733E-15   4.7052E+03  -8.6234E-01   1.3252E+00   5.2345E-01
 2.5337E-03  -8.7624E-03  -9.2335E-03   2.5585E+03  -4.7460E-01   8.0929E-01   9.3818E-01   2.6204E+02   2.5387E-15   4.7054E+03  -1.5773E+00   2.6897E+00   7.3507E-01
 2.0420E-03  -7.8819E-03  -8.2247E-03   2.4927E+03  -6.6432E-01   1.2675E+00   1.4311E+00   2.6204E+02   3.3693E-15   4.7055E+03  -2.2080E+00   4.2128E+00   9.0785E-01
 1.6182E-03  -7.0292E-03  -7.2722E-03   2.4013E+03  -8.1988E-01   1.7642E+00   1.9454E+00   2.6204E+02   4.5440E-15   4.7056E+03  -2.7250E+00   5.8638E+00   1.0585E+00
 1.2573E-03  -6.2064E-03  -6.3735E-03   2.2853E+03  -9.3378E-01   2.2888E+00   2.4719E+00   2.6204E+02   6.1492E-15   4.7057E+03  -3.1036E+00   7.6073E+00   1.1931E+00
 9.5407E-04  -5.4149E-03  -5.5257E-03   2.1468E+03  -1.0003E+00   2.8276E+00   2.9993E+00   2.6204E+02   8.2817E-15   4.7058E+03  -3.3246E+00   9.3983E+00   1.3143E+00
 7.0345E-04  -4.6556E-03  -4.7258E-03   1.9887E+03  -1.0154E+00   3.3637E+00   3.5137E+00   2.6204E+02   1.1043E-14   4.7058E+03  -3.3750E+00   1.1181E+01   1.4225E+00
 5.0039E-04  -3.9288E-03  -3.9710E-03   1.8151E+03  -9.7896E-01   3.8772E+00   3.9989E+00   2.6204E+02   1.4435E-14   4.7058E+03  -3.2539E+00   1.2887E+01   1.5175E+00
 3.3966E-04  -3.2350E-03  -3.2587E-03   1.6309E+03  -9.0016E-01   4.3601E+00   4.4521E+00   2.6204E+02   1.8524E-14   4.7057E+03  -2.9919E+00   1.4492E+01   1.6012E+00
 2.1604E-04  -2.5745E-03  -2.5866E-03   1.4390E+03  -7.8699E-01   4.8140E+00   4.8779E+00   2.6204E+02   2.3468E-14   4.7057E+03  -2.6157E+00   1.6000E+01   1.6761E+00
 1.2477E-04  -1.9471E-03  -1.9525E-03   1.2420E+03  -6.4476E-01   5.2354E+00   5.2750E+00   2.6204E+02   2.8930E-14   4.7056E+03  -2.1430E+00   1.7401E+01   1.7430E+00
 6.1535E-05  -1.3525E-03  -1.3544E-03   1.0426E+03  -4.7884E-01   5.6137E+00   5.6341E+00   2.6204E+02   3.5358E-14   4.7055E+03  -1.5915E+00   1.8658E+01   1.8013E+00
 2.2521E-05  -7.8982E-04  -7.9025E-04   8.4441E+02  -3.0757E-01   5.9548E+00   5.9627E+00   2.6204E+02   4.3741E-14   4.7055E+03  -1.0222E+00   1.9791E+01   1.8531E+00
 4.3080E-06  -2.5819E-04  -2.5822E-04   6.4885E+02  -1.0731E-01   6.2575E+00   6.2584E+00   2.6204E+02   5.1232E-14   4.7055E+03  -3.5667E-01   2.0797E+01   1.8985E+00
 4.3080E-06   2.5819E-04   2.5822E-04   4.5228E+02   1.3553E-01   6.4908E+00   6.4922E+00   2.6204E+02   5.6460E-14   4.7055E+03   4.5044E-01   2.1573E+01   1.9336E+00
 2.2521E-05   7.8982E-04   7.9025E-04   2.4853E+02   3.7013E-01   6.7071E+00   6.7173E+00   2.6204E+02   6.7199E-14   4.7055E+03   1.2301E+00   2.2292E+01   1.9669E+00
 6.1535E-05   1.3525E-03   1.3544E-03   2.7617E+01   6.1624E-01   6.9332E+00   6.9605E+00   2.6204E+02   8.4225E-14   4.7055E+03   2.0481E+00   2.3043E+01   2.0022E+00
 1.2477E-04   1.9471E-03   1.9525E-03  -2.1226E+02   9.0399E-01   7.1297E+00   7.1868E+00   2.6204E+02   1.0595E-13   4.7056E+03   3.0045E+00   2.3697E+01   2.0344E+00
 2.1604E-04   2.5745E-03   2.5866E-03  -4.6788E+02   1.2182E+00   7.2864E+00   7.3875E+00   2.6204E+02   1.3708E-13   4.7057E+03   4.0488E+00   2.4218E+01   2.0627E+00
 3.3966E-04   3.2350E-03   3.2587E-03  -7.3832E+02   1.5554E+00   7.3996E+00   7.5613E+00   2.6204E+02   1.8291E-13   4.7057E+03   5.1698E+00   2.4595E+01   2.0868E+00
 5.0039E-04   3.9288E-03   3.9710E-03  -1.0212E+03   1.9092E+00   7.4493E+00   7.6900E+00   2.6204E+02   2.5803E-13   4.7058E+03   6.3458E+00   2.4760E+01   2.1044E+00
 7.0345E-04   4.6556E-03   4.7258E-03  -1.3100E+03   2.2652E+00   7.4095E+00   7.7480E+00   2.6204E+02   3.9714E-13   4.7058E+03   7.5291E+00   2.4628E+01   2.1123E+00
 9.5407E-04   5.4149E-03   5.5257E-03  -1.5947E+03   2.6135E+00   7.3070E+00   7.7603E+00   2.6204E+02   6.8772E-13   4.7058E+03   8.6867E+00   2.4287E+01   2.1140E+00
 1.2573E-03   6.2064E-03   6.3735E-03  -1.8735E+03   2.9658E+00   7.1983E+00   7.7854E+00   2.6204E+02   1.3061E-12   4.7057E+03   9.8576E+00   2.3925E+01   2.1175E+00
 1.6182E-03   7.0292E-03   7.2722E-03  -2.1440E+03   3.3396E+00   7.1212E+00   7.8654E+00   2.6204E+02   2.4552E-12   4.7056E+03   1.1100E+01   2.3669E+01   2.1283E+00
 2.0420E-03   7.8819E-03   8.2247E-03  -2.4023E+03   3.7333E+00   7.0605E+00   7.9868E+00   2.6204E+02   4.0074E-12   4.7055E+03   1.2408E+01   2.3466E+01   2.1447E+00
 2.5337E-03   8.7624E-03   9.2335E-03  -2.6442E+03   4.1092E+00   6.9429E+00   8.0678E+00   2.6204E+02   5.4720E-12   4.7054E+03   1.3657E+01   2.3075E+01   2.1556E+00
 3.0985E-03   9.6688E-03   1.0302E-02  -2.8629E+03   4.4308E+00   6.7323E+00   8.0596E+00   2.6204E+02   6.6798E-12   4.7052E+03   1.4725E+01   2.2374E+01   2.1545E+00
 3.7415E-03   1.0600E-02   1.1433E-02  -3.0543E+03   4.6900E+00   6.4494E+00   7.9744E+00   2.6204E+02   7.6901E-12   4.7050E+03   1.5586E+01   2.1433E+01   2.1432E+00
 4.4674E-03   1.1554E-02   1.2633E-02  -3.2173E+03   4.8902E+00   6.1222E+00   7.8355E+00   2.6204E+02   8.4568E-12   4.7048E+03   1.6251E+01   2.0345E+01   2.1245E+00
 5.2805E-03   1.2529E-02   1.3903E-02  -3.3533E+03   5.0516E+00   5.7895E+00   7.6836E+00   2.6204E+02   9.0693E-12   4.7046E+03   1.6786E+01   1.9238E+01   2.1038E+00
 6.1848E-03   1.3524E-02   1.5247E-02  -3.4681E+03   5.1864E+00   5.4630E+00   7.5328E+00   2.6204E+02   9.5497E-12   4.7044E+03   1.7234E+01   1.8153E+01   2.0831E+00
 7.1851E-03   1.4536E-02   1.6671E-02  -3.5605E+03   5.2856E+00   5.1320E+00   7.3672E+00   2.6204E+02   9.9088E-12   4.7042E+03   1.7563E+01   1.7052E+01   2.0601E+00
 8.2864E-03   1.5566E-02   1.8179E-02  -3.6257E+03   5.3491E+00   4.8036E+00   7.1894E+00   2.6204E+02   1.0146E-11   4.7040E+03   1.7773E+01   1.5960E+01   2.0352E+00
 9.4928E-03   1.6611E-02   1.9775E-02  -3.6669E+03   5.3971E+00   4.5000E+00   7.0270E+00   2.6204E+02   1.0245E-11   4.7039E+03   1.7932E+01   1.4951E+01   2.0121E+00
 1.0809E-02   1.7670E-02   2.1465E-02  -3.6944E+03   5.4337E+00   4.2167E+00   6.8780E+00   2.6204E+02   1.0206E-11   4.7037E+03   1.8053E+01   1.4009E+01   1.9907E+00
 1.2239E-02   1.8743E-02   2.3253E-02  -3.7074E+03   5.4423E+00   3.9377E+00   6.7174E+00   2.6204E+02   1.0060E-11   4.7036E+03   1.8081E+01   1.3082E+01   1.9673E+00
 1.3790E-02   1.9828E-02   2.5146E-02  -3.7018E+03   5.4276E+00   3.6707E+00   6.5523E+00   2.6204E+02   9.8381E-12   4.7034E+03   1.8031E+01   1.2195E+01   1.9430E+00
 1.5465E-02   2.0926E-02   2.7149E-02  -3.6837E+03   5.4121E+00   3.4309E+00   6.4080E+00   2.6204E+02   9.5549E-12   4.7033E+03   1.7979E+01   1.1398E+01   1.9215E+00
 1.7271E-02   2.2035E-02   2.9268E-02  -3.6623E+03   5.3907E+00   3.2063E+00   6.2722E+00   2.6204E+02   9.2281E-12   4.7032E+03   1.7908E+01   1.0651E+01   1.9011E+00
 1.9213E-02   2.3155E-02   3.1510E-02  -3.6313E+03   5.3499E+00   2.9888E+00   6.1282E+00   2.6204E+02   8.8830E-12   4.7031E+03   1.7772E+01   9.9286E+00   1.8792E+00
 2.1297E-02   2.4285E-02   3.3881E-02  -3.5905E+03   5.3038E+00   2.7885E+00   5.9921E+00   2.6204E+02   8.5247E-12   4.7030E+03   1.7618E+01   9.2629E+00   1.8582E+00
 2.3530E-02   2.5425E-02   3.6389E-02  -3.5470E+03   5.2579E+00   2.6039E+00   5.8673E+00   2.6204E+02   8.1571E-12   4.7029E+03   1.7465E+01   8.6497E+00   1.8388E+00
 2.5919E-02   2.6574E-02   3.9040E-02  -3.4999E+03   5.2023E+00   2.4281E+00   5.7410E+00   2.6204E+02   7.7895E-12   4.7029E+03   1.7281E+01   8.0654E+00   1.8189E+00
 2.8472E-02   2.7731E-02   4.1843E-02  -3.4466E+03   5.1420E+00   2.2647E+00   5.6186E+00   2.6204E+02   7.4270E-12   4.7028E+03   1.7080E+01   7.5225E+00   1.7994E+00
 3.1195E-02   2.8897E-02   4.4805E-02  -3.3924E+03   5.0833E+00   2.1142E+00   5.5055E+00   2.6204E+02   7.0704E-12   4.7027E+03   1.6885E+01   7.0226E+00   1.7812E+00
 3.4096E-02   3.0069E-02   4.7934E-02  -3.3376E+03   5.0189E+00   1.9712E+00   5.3921E+00   2.6204E+02   6.7206E-12   4.7027E+03   1.6671E+01   6.5476E+00   1.7628E+00
 3.7185E-02   3.1249E-02   5.1241E-02  -3.2795E+03   4.9501E+00   1.8373E+00   5.2800E+00   2.6204E+02   6.3815E-12   4.7027E+03   1.6442E+01   6.1027E+00   1.7444E+00
 4.0469E-02   3.2434E-02   5.4733E-02  -3.2216E+03   4.8821E+00   1.7128E+00   5.1738E+00   2.6204E+02   6.0571E-12   4.7026E+03   1.6216E+01   5.6892E+00   1.7267E+00
 4.3958E-02   3.3624E-02   5.8419E-02  -3.1638E+03   4.8113E+00   1.5950E+00   5.0688E+00   2.6204E+02   5.7481E-12   4.7026E+03   1.5981E+01   5.2979E+00   1.7091E+00
 4.7662E-02   3.4818E-02   6.2311E-02  -3.1044E+03   4.7396E+00   1.4851E+00   4.9669E+00   2.6204E+02   5.4552E-12   4.7026E+03   1.5743E+01   4.9329E+00   1.6918E+00
 5.1591E-02   3.6014E-02   6.6417E-02  -3.0460E+03   4.6685E+00   1.3821E+00   4.8687E+00   2.6204E+02   5.1752E-12   4.7025E+03   1.5506E+01   4.5907E+00   1.6751E+00
 5.5753E-02   3.7212E-02   7.0749E-02  -2.9876E+03   4.5955E+00   1.2849E+00   4.7718E+00   2.6204E+02   4.9082E-12   4.7025E+03   1.5264E+01   4.2677E+00   1.6583E+00
 6.0162E-02   3.8410E-02   7.5318E-02  -2.9290E+03   4.5238E+00   1.1942E+00   4.6788E+00   2.6204E+02   4.6567E-12   4.7025E+03   1.5026E+01   3.9664E+00   1.6421E+00
 6.4826E-02   3.9605E-02   8.0133E-02  -2.8720E+03   4.4528E+00   1.1086E+00   4.5887E+00   2.6204E+02   4.4199E-12   4.7025E+03   1.4790E+01   3.6820E+00   1.6262E+00
 6.9759E-02   4.0797E-02   8.5208E-02  -2.8146E+03   4.3813E+00   1.0279E+00   4.5002E+00   2.6204E+02   4.1971E-12   4.7024E+03   1.4552E+01   3.4140E+00   1.6104E+00
 7.4971E-02   4.1984E-02   9.0553E-02  -2.7578E+03   4.3106E+00   9.5186E-01   4.4144E+00   2.6204E+02   3.9867E-12   4.7024E+03   1.4317E+01   3.1615E+00   1.5950E+00
 8.0475E-02   4.3162E-02   9.6182E-02  -2.7013E+03   4.2403E+00   8.8018E-01   4.3306E+00   2.6204E+02   3.7881E-12   4.7024E+03   1.4084E+01   2.9235E+00   1.5798E+00
 8.6282E-02   4.4330E-02   1.0211E-01  -2.6451E+03   4.1712E+00   8.1289E-01   4.2497E+00   2.6204E+02   3.6008E-12   4.7024E+03   1.3854E+01   2.6999E+00   1.5650E+00
 9.2406E-02   4.5485E-02   1.0834E-01  -2.5899E+03   4.1032E+00   7.4926E-01   4.1710E+00   2.6204E+02   3.4243E-12   4.7024E+03   1.3628E+01   2.4886E+00   1.5504E+00
 9.8858E-02   4.6624E-02   1.1489E-01  -2.5350E+03   4.0361E+00   6.8928E-01   4.0945E+00   2.6204E+02   3.2583E-12   4.7024E+03   1.3405E+01   2.2894E+00   1.5361E+00
 1.0565E-01   4.7745E-02   1.2178E-01  -2.4811E+03   3.9696E+00   6.3231E-01   4.0197E+00   2.6204E+02   3.1014E-12   4.7024E+03   1.3185E+01   2.1001E+00   1.5220E+00
 1.1280E-01   4.8843E-02   1.2901E-01  -2.4271E+03   3.9032E+00   5.7823E-01   3.9458E+00   2.6204E+02   2.9528E-12   4.7024E+03   1.2964E+01   1.9205E+00   1.5080E+00
 1.2032E-01   4.9916E-02   1.3660E-01  -2.3731E+03   3.8372E+00   5.2703E-01   3.8732E+00   2.6204E+02   2.8115E-12   4.7024E+03   1.2745E+01   1.7505E+00   1.4940E+00
 1.2822E-01   5.0959E-02   1.4457E-01  -2.3193E+03   3.7724E+00   4.7887E-01   3.8026E+00   2.6204E+02   2.6773E-12   4.7023E+03   1.2529E+01   1.5905E+00   1.4804E+00
 1.3651E-01   5.1969E-02   1.5293E-01  -2.2663E+03   3.7089E+00   4.3328E-01   3.7341E+00   2.6204E+02   2.5505E-12   4.7023E+03   1.2319E+01   1.4391E+00   1.4670E+00
 1.4521E-01   5.2941E-02   1.6168E-01  -2.2138E+03   3.6460E+00   3.9000E-01   3.6668E+00   2.6204E+02   2.4304E-12   4.7023E+03   1.2110E+01   1.2953E+00   1.4537E+00
 1.5434E-01   5.3872E-02   1.7085E-01  -2.1614E+03   3.5835E+00   3.4883E-01   3.6004E+00   2.6204E+02   2.3163E-12   4.7023E+03   1.1902E+01   1.1586E+00   1.4405E+00
 1.6389E-01   5.4757E-02   1.8044E-01  -2.1090E+03   3.5212E+00   3.0973E-01   3.5348E+00   2.6204E+02   2.2075E-12   4.7023E+03   1.1695E+01   1.0287E+00   1.4273E+00
 1.7389E-01   5.5589E-02   1.9048E-01  -2.0565E+03   3.4592E+00   2.7265E-01   3.4700E+00   2.6204E+02   2.1034E-12   4.7023E+03   1.1489E+01   9.0558E-01   1.4141E+00
 1.8434E-01   5.6366E-02   2.0096E-01  -2.0039E+03   3.3975E+00   2.3760E-01   3.4058E+00   2.6204E+02   2.0031E-12   4.7023E+03   1.1284E+01   7.8916E-01   1.4010E+00
 1.9526E-01   5.7082E-02   2.1190E-01  -1.9514E+03   3.3360E+00   2.0448E-01   3.3423E+00   2.6204E+02   1.9060E-12   4.7023E+03   1.1080E+01   6.7914E-01   1.3879E+00
 2.0666E-01   5.7731E-02   2.2332E-01  -1.8990E+03   3.2753E+00   1.7317E-01   3.2798E+00   2.6204E+02   1.8135E-12   4.7023E+03   1.0878E+01   5.7516E-01   1.3749E+00
 2.1854E-01   5.8310E-02   2.3521E-01  -1.8467E+03   3.2147E+00   1.4346E-01   3.2179E+00   2.6204E+02   1.7249E-12   4.7023E+03   1.0677E+01   4.7648E-01   1.3618E+00
 2.3092E-01   5.8811E-02   2.4760E-01  -1.7940E+03   3.1543E+00   1.1552E-01   3.1564E+00   2.6204E+02   1.6400E-12   4.7023E+03   1.0476E+01   3.8367E-01   1.3487E+00
 2.4380E-01   5.9232E-02   2.6049E-01  -1.7412E+03   3.0950E+00   8.9354E-02   3.0963E+00   2.6204E+02   1.5591E-12   4.7023E+03   1.0280E+01   2.9677E-01   1.3358E+00
 2.5719E-01   5.9567E-02   2.7388E-01  -1.6890E+03   3.0362E+00   6.4504E-02   3.0369E+00   2.6204E+02   1.4818E-12   4.7023E+03   1.0084E+01   2.1424E-01   1.3230E+00
 2.7109E-01   5.9810E-02   2.8779E-01  -1.6361E+03   2.9770E+00   4.1151E-02   2.9773E+00   2.6204E+02   1.4075E-12   4.7023E+03   9.8877E+00   1.3668E-01   1.3099E+00
 2.8551E-01   5.9957E-02   3.0221E-01  -1.5827E+03   2.9184E+00   1.9527E-02   2.9185E+00   2.6204E+02   1.3359E-12   4.7023E+03   9.6930E+00   6.4855E-02   1.2969E+00
 3.0044E-01   6.0004E-02   3.1715E-01  -1.5298E+03   2.8608E+00  -6.8929E-04   2.8608E+00   2.6204E+02   1.2676E-12   4.7023E+03   9.5017E+00  -2.2893E-03   1.2840E+00
 3.1590E-01   5.9947E-02   3.3260E-01  -1.4770E+03   2.8036E+00  -1.9586E-02   2.8037E+00   2.6204E+02   1.2024E-12   4.7023E+03   9.3118E+00  -6.5050E-02   1.2712E+00
 3.3187E-01   5.9783E-02   3.4858E-01  -1.4241E+03   2.7469E+00  -3.7158E-02   2.7471E+00   2.6204E+02   1.1401E-12   4.7023E+03   9.1232E+00  -1.2341E-01   1.2583E+00
 3.4836E-01   5.9507E-02   3.6506E-01  -1.3711E+03   2.6907E+00  -5.3410E-02   2.6912E+00   2.6204E+02   1.0806E-12   4.7023E+03   8.9366E+00  -1.7739E-01   1.2454E+00
 3.6535E-01   5.9117E-02   3.8206E-01  -1.3181E+03   2.6351E+00  -6.8408E-02   2.6360E+00   2.6204E+02   1.0237E-12   4.7023E+03   8.7519E+00  -2.2720E-01   1.2325E+00
 3.8285E-01   5.8610E-02   3.9956E-01  -1.2651E+03   2.5801E+00  -8.2160E-02   2.5815E+00   2.6204E+02   9.6947E-13   4.7023E+03   8.5695E+00  -2.7288E-01   1.2197E+00
 4.0083E-01   5.7986E-02   4.1756E-01  -1.2122E+03   2.5262E+00  -9.4667E-02   2.5280E+00   2.6204E+02   9.1790E-13   4.7023E+03   8.3903E+00  -3.1442E-01   1.2070E+00
 4.1929E-01   5.7243E-02   4.3603E-01  -1.1598E+03   2.4731E+00  -1.0612E-01   2.4754E+00   2.6204E+02   8.6893E-13   4.7023E+03   8.2141E+00  -3.5245E-01   1.1944E+00
 4.3821E-01   5.6381E-02   4.5497E-01  -1.1075E+03   2.4208E+00  -1.1654E-01   2.4236E+00   2.6204E+02   8.2237E-13   4.7023E+03   8.0401E+00  -3.8707E-01   1.1818E+00
 4.5758E-01   5.5400E-02   4.7436E-01  -1.0554E+03   2.3691E+00  -1.2593E-01   2.3724E+00   2.6204E+02   7.7808E-13   4.7023E+03   7.8685E+00  -4.1824E-01   1.1693E+00
 4.7737E-01   5.4300E-02   4.9419E-01  -1.0037E+03   2.3184E+00  -1.3435E-01   2.3222E+00   2.6204E+02   7.3600E-13   4.7023E+03   7.7000E+00  -4.4622E-01   1.1569E+00
 4.9757E-01   5.3082E-02   5.1442E-01  -9.5228E+02   2.2683E+00  -1.4194E-01   2.2727E+00   2.6204E+02   6.9601E-13   4.7023E+03   7.5336E+00  -4.7141E-01   1.1445E+00
 5.1815E-01   5.1748E-02   5.3505E-01  -9.0099E+02   2.2189E+00  -1.4860E-01   2.2238E+00   2.6204E+02   6.5798E-13   4.7023E+03   7.3695E+00  -4.9355E-01   1.1321E+00
 5.3908E-01   5.0302E-02   5.5603E-01  -8.5013E+02   2.1704E+00  -1.5445E-01   2.1759E+00   2.6204E+02   6.2191E-13   4.7023E+03   7.2087E+00  -5.1298E-01   1.1198E+00
 5.6034E-01   4.8746E-02   5.7735E-01  -7.9979E+02   2.1227E+00  -1.5963E-01   2.1287E+00   2.6204E+02   5.8766E-13   4.7023E+03   7.0501E+00  -5.3018E-01   1.1076E+00
 5.8190E-01   4.7083E-02   5.9896E-01  -7.4958E+02   2.0753E+00  -1.6409E-01   2.0818E+00   2.6204E+02   5.5503E-13   4.7023E+03   6.8928E+00  -5.4501E-01   1.0954E+00
 6.0371E-01   4.5317E-02   6.2085E-01  -6.9957E+02   2.0287E+00  -1.6786E-01   2.0356E+00   2.6204E+02   5.2399E-13   4.7023E+03   6.7379E+00  -5.5750E-01   1.0831E+00
 6.2576E-01   4.3454E-02   6.4298E-01  -6.5006E+02   1.9825E+00  -1.7112E-01   1.9899E+00   2.6204E+02   4.9443E-13   4.7023E+03   6.5845E+00  -5.6833E-01   1.0709E+00
 6.4800E-01   4.1495E-02   6.6531E-01  -6.0049E+02   1.9362E+00  -1.7381E-01   1.9440E+00   2.6204E+02   4.6605E-13   4.7023E+03   6.4306E+00  -5.7727E-01   1.0585E+00
 6.7040E-01   3.9448E-02   6.8780E-01  -5.5067E+02   1.8901E+00  -1.7586E-01   1.8983E+00   2.6204E+02   4.3885E-13   4.7023E+03   6.2776E+00  -5.8410E-01   1.0460E+00
 6.9291E-01   3.7316E-02   7.1041E-01  -5.0115E+02   1.8439E+00  -1.7755E-01   1.8524E+00   2.6204E+02   4.1270E-13   4.7023E+03   6.1240E+00  -5.8968E-01   1.0332E+00
 7.1551E-01   3.5105E-02   7.3312E-01  -4.5096E+02   1.7964E+00  -1.7861E-01   1.8052E+00   2.6204E+02   3.8679E-13   4.7023E+03   5.9663E+00  -5.9321E-01   1.0200E+00
 7.3815E-01   3.2819E-02   7.5587E-01  -4.0031E+02   1.7479E+00  -1.7920E-01   1.7571E+00   2.6204E+02   3.6155E-13   4.7023E+03   5.8054E+00  -5.9518E-01   1.0063E+00
 7.6079E-01   3.0464E-02   7.7863E-01  -3.4863E+02   1.6984E+00  -1.7921E-01   1.7078E+00   2.6204E+02   3.3689E-13   4.7023E+03   5.6407E+00  -5.9522E-01   9.9209E-01
 7.8339E-01   2.8045E-02   8.0136E-01  -2.9606E+02   1.6469E+00  -1.7879E-01   1.6566E+00   2.6204E+02   3.1266E-13   4.7023E+03   5.4700E+00  -5.9382E-01   9.7711E-01
 8.0591E-01   2.5566E-02   8.2402E-01  -2.4155E+02   1.5927E+00  -1.7769E-01   1.6026E+00   2.6204E+02   2.8855E-13   4.7023E+03   5.2898E+00  -5.9018E-01   9.6104E-01
 8.2832E-01   2.3033E-02   8.4657E-01  -1.8478E+02   1.5353E+00  -1.7584E-01   1.5454E+00   2.6204E+02   2.6450E-13   4.7023E+03   5.0992E+00  -5.8403E-01   9.4373E-01
 8.5056E-01   2.0451E-02   8.6897E-01  -1.2549E+02   1.4734E+00  -1.7326E-01   1.4836E+00   2.6204E+02   2.4030E-13   4.7023E+03   4.8937E+00  -5.7546E-01   9.2467E-01
 8.7262E-01   1.7824E-02   8.9118E-01  -6.2091E+01   1.4054E+00  -1.6953E-01   1.4156E+00   2.6204E+02   2.1568E-13   4.7023E+03   4.6676E+00  -5.6306E-01   9.0323E-01
 8.9445E-01   1.5157E-02   9.1317E-01   6.0538E+00   1.3298E+00  -1.6453E-01   1.3399E+00   2.6204E+02   1.9056E-13   4.7023E+03   4.4166E+00  -5.4644E-01   8.7877E-01
 9.1602E-01   1.2456E-02   9.3490E-01   8.0345E+01   1.2426E+00  -1.5761E-01   1.2525E+00   2.6204E+02   1.6465E-13   4.7023E+03   4.1270E+00  -5.2347E-01   8.4963E-01
 9.3729E-01   9.7237E-03   9.5635E-01   1.6369E+02   1.1423E+00  -1.4859E-01   1.1519E+00   2.6204E+02   1.3918E-13   4.7023E+03   3.7938E+00  -4.9350E-01   8.1478E-01
 9.5823E-01   6.9654E-03   9.7747E-01   2.5540E+02   1.0090E+00  -1.3490E-01   1.0180E+00   2.6204E+02   1.0987E-13   4.7023E+03   3.3512E+00  -4.4805E-01   7.6596E-01
 9.7881E-01   4.1857E-03   9.9825E-01   3.7113E+02   8.7098E-01  -1.2487E-01   8.7989E-01   2.6204E+02   8.3721E-14   4.7021E+03   2.8927E+00  -4.1472E-01   7.1211E-01
 9.9902E-01   1.3955E-03   1.0186E+00   4.8252E+02   7.8894E-01  -1.2501E-01   7.9878E-01   2.6204E+02   2.8271E-13   3.5803E+03   1.9951E+00  -3.1612E-01   7.7751E-01
