#        X=           Y=           S=           P=           U=           V=         Vel=           T=         mut=         hcv=          Ax=          Ay=       Yplus=
-4.9959E-02   7.8385E-04  -1.5618E-01   6.8018E+01   1.3471E-02   1.0081E-01   1.0171E-01   2.7132E+02   1.6418E-08   7.7942E+01   1.8201E-03   3.4735E-02   6.2742E-01
-4.9877E-02   2.3515E-03  -1.5461E-01   6.7586E+01   1.9371E-02   2.7618E-01   2.7686E-01   2.7150E+02   2.1309E-09   7.0157E+01   4.9645E-03   9.4743E-02   1.0381E+00
-4.9795E-02   3.9192E-03  -1.5304E-01   6.6748E+01   3.9670E-02   4.9324E-01   4.9484E-01   2.7144E+02   3.5114E-09   7.3025E+01   8.9112E-03   1.7006E-01   1.3865E+00
-4.9658E-02   5.4812E-03  -1.5148E-01   6.5225E+01   8.2248E-02   6.6743E-01   6.7248E-01   2.7154E+02   2.9511E-09   6.8902E+01   2.8338E-02   2.3080E-01   1.6154E+00
-4.9440E-02   7.0346E-03  -1.4991E-01   6.3542E+01   1.2632E-01   7.9707E-01   8.0702E-01   2.7160E+02   3.9223E-09   6.6354E+01   4.3669E-02   2.7575E-01   1.7714E+00
-4.9194E-02   8.5852E-03  -1.4834E-01   6.1629E+01   1.7393E-01   1.0055E+00   1.0204E+00   2.7154E+02   5.5838E-09   6.9076E+01   5.5443E-02   3.5010E-01   1.9920E+00
-4.8922E-02   1.0130E-02  -1.4677E-01   5.8721E+01   2.5647E-01   1.2446E+00   1.2708E+00   2.7153E+02   6.8543E-09   6.9961E+01   8.4884E-02   4.3677E-01   2.2206E+00
-4.8569E-02   1.1658E-02  -1.4520E-01   5.5226E+01   3.2631E-01   1.2766E+00   1.3176E+00   2.7167E+02   8.1902E-09   6.3605E+01   1.1943E-01   4.4578E-01   2.2620E+00
-4.8163E-02   1.3175E-02  -1.4363E-01   5.2776E+01   3.8310E-01   1.3916E+00   1.4434E+00   2.7162E+02   1.0667E-08   6.5842E+01   1.3100E-01   4.8896E-01   2.3700E+00
-4.7756E-02   1.4691E-02  -1.4206E-01   4.9131E+01   5.3785E-01   1.8227E+00   1.9004E+00   2.7145E+02   1.5491E-08   7.3938E+01   1.7510E-01   6.5356E-01   2.7155E+00
-4.7272E-02   1.6183E-02  -1.4049E-01   4.2633E+01   6.1265E-01   1.7135E+00   1.8197E+00   2.7172E+02   1.5296E-08   6.2047E+01   2.3180E-01   6.0388E-01   2.6563E+00
-4.6709E-02   1.7649E-02  -1.3892E-01   4.0234E+01   6.6587E-01   1.6993E+00   1.8251E+00   2.7167E+02   1.8526E-08   6.4155E+01   2.3187E-01   6.0407E-01   2.6649E+00
-4.6146E-02   1.9115E-02  -1.3735E-01   3.6352E+01   8.5229E-01   2.1019E+00   2.2681E+00   2.7152E+02   2.4233E-08   7.1397E+01   2.9254E-01   7.6211E-01   2.9683E+00
-4.5533E-02   2.0559E-02  -1.3578E-01   2.8702E+01   9.8128E-01   2.1468E+00   2.3604E+00   2.7168E+02   2.6430E-08   6.4849E+01   3.6079E-01   7.7364E-01   3.0258E+00
-4.4845E-02   2.1970E-02  -1.3421E-01   2.4024E+01   1.0145E+00   1.9947E+00   2.2379E+00   2.7175E+02   2.9512E-08   6.1493E+01   3.6530E-01   7.1687E-01   2.9492E+00
-4.4132E-02   2.3370E-02  -1.3264E-01   2.0550E+01   1.1748E+00   2.2319E+00   2.5222E+00   2.7161E+02   3.7251E-08   6.7803E+01   4.1552E-01   8.1542E-01   3.1314E+00
-4.3395E-02   2.4756E-02  -1.3107E-01   1.3200E+01   1.4271E+00   2.5241E+00   2.8996E+00   2.7160E+02   4.4391E-08   6.9242E+01   5.1815E-01   9.3474E-01   3.3540E+00
-4.2587E-02   2.6100E-02  -1.2950E-01   4.9439E+00   1.4098E+00   2.2181E+00   2.6282E+00   2.7180E+02   4.3237E-08   5.9775E+01   5.2213E-01   8.0390E-01   3.1942E+00
-4.1732E-02   2.7416E-02  -1.2793E-01   2.4863E+00   1.4512E+00   2.1901E+00   2.6272E+00   2.7171E+02   5.0026E-08   6.3775E+01   5.2089E-01   8.0200E-01   3.1971E+00
-4.0877E-02   2.8733E-02  -1.2636E-01  -3.1270E+00   1.9352E+00   2.8349E+00   3.4324E+00   2.7150E+02   6.6193E-08   7.4828E+01   7.0326E-01   1.0828E+00   3.6493E+00
-3.9955E-02   3.0002E-02  -1.2479E-01  -1.6782E+01   1.8454E+00   2.3802E+00   3.0117E+00   2.7183E+02   5.7527E-08   5.8909E+01   7.0190E-01   8.6662E-01   3.4168E+00
-3.8966E-02   3.1223E-02  -1.2322E-01  -1.7453E+01   1.7472E+00   2.1151E+00   2.7434E+00   2.7176E+02   6.4554E-08   6.1470E+01   6.3124E-01   7.7938E-01   3.2667E+00
-3.7977E-02   3.2444E-02  -1.2165E-01  -2.1249E+01   2.1977E+00   2.6117E+00   3.4133E+00   2.7157E+02   8.1994E-08   7.1355E+01   8.0687E-01   9.9623E-01   3.6411E+00
-3.6948E-02   3.3628E-02  -1.2008E-01  -3.3814E+01   2.3243E+00   2.5228E+00   3.4303E+00   2.7175E+02   8.1481E-08   6.3348E+01   8.8087E-01   9.4436E-01   3.6473E+00
-3.5857E-02   3.4757E-02  -1.1851E-01  -3.8897E+01   2.1386E+00   2.1265E+00   3.0159E+00   2.7183E+02   8.1461E-08   5.8876E+01   7.8860E-01   7.8837E-01   3.4232E+00
-3.4746E-02   3.5867E-02  -1.1693E-01  -4.0673E+01   2.3892E+00   2.3184E+00   3.3291E+00   2.7167E+02   9.6436E-08   6.6815E+01   8.8081E-01   8.8056E-01   3.5973E+00
-3.3617E-02   3.6957E-02  -1.1537E-01  -4.9769E+01   2.8129E+00   2.5731E+00   3.8122E+00   2.7165E+02   1.0846E-07   6.8570E+01   1.0663E+00   9.9408E-01   3.8455E+00
-3.2434E-02   3.7986E-02  -1.1380E-01  -6.0295E+01   2.5139E+00   2.0646E+00   3.2531E+00   2.7188E+02   9.6380E-08   5.7201E+01   9.4442E-01   7.6454E-01   3.5533E+00
-3.1214E-02   3.8973E-02  -1.1223E-01  -5.9537E+01   2.4254E+00   1.9147E+00   3.0900E+00   2.7176E+02   1.0543E-07   6.2240E+01   8.8955E-01   7.2012E-01   3.4669E+00
-2.9994E-02   3.9961E-02  -1.1066E-01  -6.3812E+01   3.2970E+00   2.5455E+00   4.1653E+00   2.7153E+02   1.3822E-07   7.5147E+01   1.2561E+00   1.0169E+00   4.0199E+00
-2.8726E-02   4.0882E-02  -1.0909E-01  -8.1434E+01   2.8838E+00   1.9576E+00   3.4855E+00   2.7189E+02   1.1091E-07   5.6942E+01   1.1032E+00   7.1624E-01   3.6754E+00
-2.7409E-02   4.1737E-02  -1.0752E-01  -7.7377E+01   2.4754E+00   1.5635E+00   2.9278E+00   2.7180E+02   1.1496E-07   6.0046E+01   9.0397E-01   5.8689E-01   3.3745E+00
-2.6093E-02   4.2592E-02  -1.0595E-01  -7.7958E+01   3.1782E+00   1.9758E+00   3.7423E+00   2.7158E+02   1.4270E-07   7.1440E+01   1.1951E+00   7.7590E-01   3.8125E+00
-2.4749E-02   4.3399E-02  -1.0438E-01  -9.1303E+01   3.2251E+00   1.8120E+00   3.6993E+00   2.7178E+02   1.3439E-07   6.2491E+01   1.2319E+00   6.8265E-01   3.7874E+00
-2.3364E-02   4.4135E-02  -1.0281E-01  -9.3593E+01   2.7083E+00   1.3646E+00   3.0327E+00   2.7186E+02   1.2405E-07   5.7608E+01   9.9984E-01   5.0933E-01   3.4326E+00
-2.1965E-02   4.4848E-02  -1.0124E-01  -9.1043E+01   2.9752E+00   1.4550E+00   3.3119E+00   2.7167E+02   1.4108E-07   6.6678E+01   1.1033E+00   5.6202E-01   3.5879E+00
-2.0555E-02   4.5535E-02  -9.9672E-02  -9.7731E+01   3.4902E+00   1.5858E+00   3.8336E+00   2.7165E+02   1.5538E-07   6.8629E+01   1.3298E+00   6.2000E-01   3.8562E+00
-1.9112E-02   4.6148E-02  -9.8103E-02  -1.0622E+02   2.8532E+00   1.1201E+00   3.0652E+00   2.7190E+02   1.2750E-07   5.6073E+01   1.0611E+00   4.0723E-01   3.4491E+00
-1.7647E-02   4.6710E-02  -9.6534E-02  -1.0032E+02   2.5555E+00   9.3751E-01   2.7220E+00   2.7174E+02   1.2889E-07   6.2326E+01   9.2820E-01   3.5623E-01   3.2540E+00
-1.6181E-02   4.7272E-02  -9.4964E-02  -9.9875E+01   3.6610E+00   1.3071E+00   3.8873E+00   2.7149E+02   1.6924E-07   7.5935E+01   1.3913E+00   5.3397E-01   3.8836E+00
-1.4690E-02   4.7757E-02  -9.3394E-02  -1.1489E+02   2.9057E+00   8.5612E-01   3.0292E+00   2.7191E+02   1.2394E-07   5.5320E+01   1.0843E+00   2.9049E-01   3.4262E+00
-1.3174E-02   4.8163E-02  -9.1824E-02  -1.0529E+02   2.1191E+00   5.3198E-01   2.1849E+00   2.7179E+02   1.1261E-07   5.9439E+01   7.5677E-01   2.0274E-01   2.9151E+00
-1.1658E-02   4.8569E-02  -9.0255E-02  -1.0034E+02   2.8983E+00   7.1108E-01   2.9842E+00   2.7156E+02   1.3695E-07   7.1197E+01   1.0644E+00   2.8515E-01   3.4046E+00
-1.0130E-02   4.8922E-02  -8.8686E-02  -1.0807E+02   2.7610E+00   5.6461E-01   2.8181E+00   2.7180E+02   1.1983E-07   6.0089E+01   1.0171E+00   1.9765E-01   3.3056E+00
-8.5850E-03   4.9194E-02  -8.7117E-02  -1.0487E+02   1.8715E+00   2.9029E-01   1.8938E+00   2.7189E+02   9.3090E-08   5.4686E+01   6.6551E-01   1.0539E-01   2.7124E+00
-7.0345E-03   4.9440E-02  -8.5547E-02  -9.6755E+01   1.9495E+00   2.7154E-01   1.9683E+00   2.7168E+02   9.4354E-08   6.3841E+01   6.9274E-01   1.0970E-01   2.7659E+00
-5.4812E-03   4.9658E-02  -8.3978E-02  -9.5806E+01   2.2915E+00   2.6223E-01   2.3064E+00   2.7170E+02   9.7217E-08   6.3554E+01   8.2644E-01   1.0147E-01   2.9909E+00
-3.9192E-03   4.9795E-02  -8.2409E-02  -9.6692E+01   1.3294E+00   9.7099E-02   1.3329E+00   2.7203E+02   6.0312E-08   4.8068E+01   4.6680E-01   2.4460E-02   2.2738E+00
-2.3515E-03   4.9877E-02  -8.0840E-02  -8.6504E+01   5.4448E-01   9.6373E-03   5.4456E-01   2.7188E+02   4.0140E-08   5.4073E+01   1.8714E-01   9.8059E-03   1.4548E+00
-7.8384E-04   4.9959E-02  -7.9270E-02  -7.8110E+01   1.4262E+00   2.5025E-02   1.4264E+00   2.7163E+02   5.2893E-08   6.5544E+01   5.0056E-01   2.6229E-02   2.3517E+00
 7.8384E-04   4.9959E-02  -7.7700E-02  -8.0182E+01   4.8869E-01   2.2334E-02   4.8920E-01   2.7223E+02   2.1462E-08   3.9107E+01   1.6795E-01  -8.8005E-03   1.3731E+00
 2.3515E-03   4.9877E-02  -7.6130E-02  -7.0033E+01  -6.8968E-01   1.8288E-02   6.8992E-01   2.7212E+02   9.5216E-09   4.3714E+01  -2.3789E-01   1.2466E-02   1.6371E+00
 3.9192E-03   4.9795E-02  -7.4560E-02  -6.1122E+01  -2.6827E-01  -2.9866E-03   2.6828E-01   2.7191E+02   9.8977E-09   5.2566E+01  -9.1913E-02   4.8162E-03   1.0194E+00
 5.4812E-03   4.9658E-02  -7.2991E-02  -5.7404E+01  -4.0801E-01   5.4733E-02   4.1166E-01   2.7229E+02   5.2057E-09   3.6508E+01  -1.4102E-01   1.7314E-02   1.2625E+00
 7.0345E-03   4.9440E-02  -7.1422E-02  -5.2983E+01  -7.8915E-01   1.2411E-01   7.9884E-01   2.7228E+02   2.8383E-08   3.7162E+01  -2.7345E-01   4.3303E-02   1.7607E+00
 8.5850E-03   4.9194E-02  -6.9853E-02  -4.8810E+01  -7.8427E-01   1.2204E-01   7.9371E-01   2.7226E+02   2.1289E-08   3.8153E+01  -2.7165E-01   4.3018E-02   1.7551E+00
 1.0130E-02   4.8922E-02  -6.8284E-02  -4.5932E+01  -6.4708E-01   1.1969E-01   6.5806E-01   2.7233E+02   1.3260E-08   3.5133E+01  -2.2381E-01   4.3493E-02   1.5961E+00
 1.1658E-02   4.8569E-02  -6.6715E-02  -4.4331E+01  -5.7530E-01   1.4706E-01   5.9380E-01   2.7224E+02   2.7771E-08   3.8771E+01  -1.9822E-01   5.3103E-02   1.5173E+00
 1.3174E-02   4.8163E-02  -6.5145E-02  -4.3167E+01  -4.9870E-01   1.3121E-01   5.1567E-01   2.7226E+02   4.6609E-09   3.7930E+01  -1.7162E-01   4.5978E-02   1.4153E+00
 1.4690E-02   4.7757E-02  -6.3575E-02  -4.2301E+01  -4.4814E-01   1.1951E-01   4.6380E-01   2.7219E+02   4.9584E-09   4.0961E+01  -1.5469E-01   4.1441E-02   1.3403E+00
 1.6181E-02   4.7272E-02  -6.2006E-02  -4.1583E+01  -3.7341E-01   1.3688E-01   3.9771E-01   2.7223E+02   3.6559E-09   3.9255E+01  -1.2809E-01   4.9160E-02   1.2410E+00
 1.7647E-02   4.6710E-02  -6.0436E-02  -4.1131E+01  -2.9289E-01   1.1010E-01   3.1290E-01   2.7235E+02   1.3261E-09   3.3904E+01  -1.0040E-01   3.8534E-02   1.1023E+00
 1.9112E-02   4.6148E-02  -5.8866E-02  -4.0904E+01  -2.6488E-01   1.0225E-01   2.8393E-01   2.7244E+02   9.0630E-10   3.0213E+01  -9.1277E-02   3.5031E-02   1.0489E+00
 2.0555E-02   4.5535E-02  -5.7297E-02  -4.0534E+01  -2.4916E-01   1.1363E-01   2.7385E-01   2.7248E+02   6.5832E-10   2.8646E+01  -8.5567E-02   3.9894E-02   1.0294E+00
 2.1965E-02   4.4848E-02  -5.5729E-02  -4.0219E+01  -2.0045E-01   9.9525E-02   2.2380E-01   2.7253E+02   4.5045E-10   2.6273E+01  -6.8576E-02   3.4934E-02   9.3155E-01
 2.3364E-02   4.4135E-02  -5.4159E-02  -4.0066E+01  -1.7087E-01   8.6744E-02   1.9163E-01   2.7259E+02   3.4178E-10   2.3970E+01  -5.8712E-02   2.9909E-02   8.6195E-01
 2.4749E-02   4.3399E-02  -5.2590E-02  -3.9907E+01  -1.6986E-01   9.4945E-02   1.9460E-01   2.7261E+02   2.7952E-10   2.3156E+01  -5.8659E-02   3.2506E-02   8.6763E-01
 2.6093E-02   4.2592E-02  -5.1022E-02  -3.9630E+01  -1.4297E-01   8.9377E-02   1.6861E-01   2.7262E+02   2.0730E-10   2.2518E+01  -4.8662E-02   3.1593E-02   8.0804E-01
 2.7409E-02   4.1737E-02  -4.9452E-02  -3.9513E+01  -1.0020E-01   6.3722E-02   1.1874E-01   2.7267E+02   1.4083E-10   2.0286E+01  -3.4201E-02   2.2205E-02   6.7874E-01
 2.8726E-02   4.0882E-02  -4.7882E-02  -3.9487E+01  -1.0242E-01   6.8856E-02   1.2341E-01   2.7269E+02   1.2258E-10   1.9646E+01  -3.5656E-02   2.3149E-02   6.9083E-01
 2.9994E-02   3.9961E-02  -4.6313E-02  -3.9289E+01  -8.9876E-02   6.8831E-02   1.1321E-01   2.7267E+02   1.0404E-10   2.0471E+01  -3.0298E-02   2.4527E-02   6.6159E-01
 3.1214E-02   3.8973E-02  -4.4743E-02  -3.9248E+01  -5.1437E-02   4.0492E-02   6.5463E-02   2.7272E+02   6.5615E-11   1.8194E+01  -1.7469E-02   1.4142E-02   5.0391E-01
 3.2434E-02   3.7986E-02  -4.3174E-02  -3.9254E+01  -4.9698E-02   4.0778E-02   6.4286E-02   2.7274E+02   6.2020E-11   1.7467E+01  -1.7190E-02   1.3916E-02   4.9889E-01
 3.3617E-02   3.6957E-02  -4.1605E-02  -3.9209E+01  -4.6966E-02   4.2640E-02   6.3435E-02   2.7272E+02   6.1007E-11   1.8307E+01  -1.5980E-02   1.4898E-02   4.9527E-01
 3.4746E-02   3.5867E-02  -4.0035E-02  -3.9200E+01  -2.9279E-02   2.8034E-02   4.0536E-02   2.7274E+02   4.7109E-11   1.7483E+01  -9.8500E-03   9.8472E-03   3.9630E-01
 3.5857E-02   3.4757E-02  -3.8464E-02  -3.9249E+01  -2.3981E-02   2.3879E-02   3.3842E-02   2.7276E+02   4.7773E-11   1.6556E+01  -8.2257E-03   8.2233E-03   3.6213E-01
 3.6948E-02   3.3628E-02  -3.6894E-02  -3.9297E+01  -3.7863E-02   4.2151E-02   5.6660E-02   2.7274E+02   7.1370E-11   1.7646E+01  -1.3310E-02   1.4269E-02   4.6804E-01
 3.7977E-02   3.2444E-02  -3.5324E-02  -3.9268E+01  -3.6498E-02   4.3393E-02   5.6702E-02   2.7270E+02   8.2796E-11   1.9147E+01  -1.2274E-02   1.5154E-02   4.6853E-01
 3.8966E-02   3.1223E-02  -3.3753E-02  -3.9338E+01  -2.2977E-02   2.7461E-02   3.5806E-02   2.7272E+02   8.3872E-11   1.8417E+01  -7.7360E-03   9.5515E-03   3.7267E-01
 3.9955E-02   3.0002E-02  -3.2182E-02  -3.9499E+01  -5.3921E-02   7.3274E-02   9.0975E-02   2.7269E+02   1.5680E-10   1.9588E+01  -1.9701E-02   2.4325E-02   5.9286E-01
 4.0877E-02   2.8733E-02  -3.0612E-02  -3.9364E+01  -6.9367E-02   1.0219E-01   1.2351E-01   2.7259E+02   2.3400E-10   2.3716E+01  -2.3166E-02   3.5668E-02   6.9118E-01
 4.1732E-02   2.7416E-02  -2.9042E-02  -3.9424E+01  -5.0777E-02   7.7722E-02   9.2839E-02   2.7261E+02   2.2664E-10   2.2914E+01  -1.7360E-02   2.6729E-02   6.0022E-01
 4.2587E-02   2.6100E-02  -2.7472E-02  -3.9555E+01  -7.5033E-02   1.2144E-01   1.4275E-01   2.7259E+02   3.2874E-10   2.3956E+01  -2.6745E-02   4.1178E-02   7.4350E-01
 4.3395E-02   2.4756E-02  -2.5902E-02  -3.9447E+01  -9.5423E-02   1.7246E-01   1.9710E-01   2.7250E+02   4.5524E-10   2.7614E+01  -3.2923E-02   5.9393E-02   8.7333E-01
 4.4132E-02   2.3370E-02  -2.4333E-02  -3.9320E+01  -8.7194E-02   1.6775E-01   1.8905E-01   2.7247E+02   4.8239E-10   2.8753E+01  -2.9503E-02   5.7899E-02   8.5627E-01
 4.4845E-02   2.1970E-02  -2.2762E-02  -3.9334E+01  -8.9788E-02   1.7831E-01   1.9964E-01   2.7247E+02   5.3341E-10   2.8997E+01  -3.1158E-02   6.1146E-02   8.7992E-01
 4.5533E-02   2.0559E-02  -2.1192E-02  -3.9263E+01  -1.0671E-01   2.3877E-01   2.6153E-01   2.7241E+02   6.5293E-10   3.1440E+01  -3.8093E-02   8.1682E-02   1.0061E+00
 4.6146E-02   1.9115E-02  -1.9622E-02  -3.8878E+01  -1.0314E-01   2.5721E-01   2.7712E-01   2.7233E+02   6.9949E-10   3.4772E+01  -3.4180E-02   8.9044E-02   1.0364E+00
 4.6709E-02   1.7649E-02  -1.8051E-02  -3.8705E+01  -8.7494E-02   2.2290E-01   2.3946E-01   2.7234E+02   6.5856E-10   3.4325E+01  -2.9470E-02   7.6775E-02   9.6432E-01
 4.7272E-02   1.6183E-02  -1.6481E-02  -3.8660E+01  -9.5347E-02   2.7160E-01   2.8785E-01   2.7232E+02   7.6908E-10   3.5540E+01  -3.5537E-02   9.2579E-02   1.0555E+00
 4.7756E-02   1.4691E-02  -1.4911E-02  -3.8090E+01  -9.0338E-02   3.0807E-01   3.2104E-01   2.7218E+02   9.2661E-10   4.1407E+01  -2.8626E-02   1.0685E-01   1.1150E+00
 4.8163E-02   1.3175E-02  -1.3340E-02  -3.7795E+01  -6.8067E-02   2.4922E-01   2.5835E-01   2.7221E+02   7.6859E-10   3.9930E+01  -2.2957E-02   8.5685E-02   1.0018E+00
 4.8569E-02   1.1658E-02  -1.1770E-02  -3.7572E+01  -6.5781E-02   2.5827E-01   2.6651E-01   2.7217E+02   9.2616E-10   4.1558E+01  -2.3725E-02   8.8554E-02   1.0166E+00
 4.8922E-02   1.0130E-02  -1.0201E-02  -3.7160E+01  -5.4014E-02   2.6611E-01   2.7154E-01   2.7208E+02   1.0876E-09   4.5574E+01  -1.7838E-02   9.1786E-02   1.0257E+00
 4.9194E-02   8.5852E-03  -8.6323E-03  -3.6792E+01  -3.9129E-02   2.3059E-01   2.3388E-01   2.7202E+02   1.9499E-09   4.8177E+01  -1.2562E-02   7.9327E-02   9.5301E-01
 4.9440E-02   7.0346E-03  -7.0624E-03  -3.6528E+01  -3.1077E-02   1.9629E-01   1.9874E-01   2.7201E+02   1.7782E-09   4.8278E+01  -1.0672E-02   6.7389E-02   8.7853E-01
 4.9658E-02   5.4812E-03  -5.4935E-03  -3.6264E+01  -2.1327E-02   1.7466E-01   1.7596E-01   2.7198E+02   1.7073E-09   4.9794E+01  -7.3755E-03   6.0070E-02   8.2579E-01
 4.9795E-02   3.9192E-03  -3.9246E-03  -3.5995E+01  -1.0170E-02   1.3379E-01   1.3418E-01   2.7195E+02   1.6970E-09   5.0889E+01  -2.4104E-03   4.5999E-02   7.2148E-01
 4.9877E-02   2.3515E-03  -2.3548E-03  -3.5831E+01  -6.4476E-03   8.9607E-02   8.9838E-02   2.7183E+02   1.9314E-08   5.6057E+01  -1.6099E-03   3.0724E-02   5.9105E-01
 4.9959E-02   7.8385E-04  -7.8492E-04  -3.5711E+01  -4.2059E-03   4.6677E-02   4.6866E-02   2.7178E+02   2.0376E-08   5.8040E+01  -8.4175E-04   1.6064E-02   4.2615E-01
 4.9959E-02  -7.8385E-04   7.8492E-04  -3.5644E+01  -2.9972E-03  -4.8646E-03   5.7138E-03   2.7178E+02   2.1009E-08   5.8302E+01  -9.0122E-05  -1.7199E-03   1.3945E-01
 4.9877E-02  -2.3515E-03   2.3548E-03  -3.5642E+01  -4.2627E-03  -4.9756E-02   4.9938E-02   2.7182E+02   1.9957E-08   5.6296E+01  -8.9439E-04  -1.7069E-02   4.4059E-01
 4.9795E-02  -3.9192E-03   3.9246E-03  -3.5688E+01  -7.2567E-03  -9.2393E-02   9.2678E-02   2.7195E+02   1.6874E-09   5.0953E+01  -1.6643E-03  -3.1762E-02   5.9960E-01
 4.9658E-02  -5.4812E-03   5.4935E-03  -3.5832E+01  -1.6778E-02  -1.3390E-01   1.3494E-01   2.7197E+02   1.5963E-09   5.0084E+01  -5.6544E-03  -4.6053E-02   7.2318E-01
 4.9440E-02  -7.0346E-03   7.0624E-03  -3.5980E+01  -2.5306E-02  -1.5875E-01   1.6075E-01   2.7200E+02   1.6254E-09   4.8607E+01  -8.6290E-03  -5.4489E-02   7.9013E-01
 4.9194E-02  -8.5852E-03   8.6323E-03  -3.6141E+01  -3.2935E-02  -1.9454E-01   1.9731E-01   2.7201E+02   1.7784E-09   4.8474E+01  -1.0594E-02  -6.6898E-02   8.7534E-01
 4.8922E-02  -1.0130E-02   1.0201E-02  -3.6406E+01  -4.6985E-02  -2.3089E-01   2.3563E-01   2.7207E+02   1.0066E-09   4.5748E+01  -1.5473E-02  -7.9617E-02   9.5545E-01
 4.8569E-02  -1.1658E-02   1.1770E-02  -3.6721E+01  -5.7935E-02  -2.2731E-01   2.3458E-01   2.7217E+02   8.3289E-10   4.1756E+01  -2.0876E-02  -7.7918E-02   9.5376E-01
 4.8163E-02  -1.3175E-02   1.3340E-02  -3.6869E+01  -6.0264E-02  -2.2155E-01   2.2960E-01   2.7220E+02   7.0032E-10   4.0249E+01  -2.0396E-02  -7.6128E-02   9.4447E-01
 4.7756E-02  -1.4691E-02   1.4911E-02  -3.7095E+01  -8.2980E-02  -2.8244E-01   2.9438E-01   2.7217E+02   8.7887E-10   4.1880E+01  -2.6240E-02  -9.7938E-02   1.0677E+00
 4.7272E-02  -1.6183E-02   1.6481E-02  -3.7599E+01  -8.8263E-02  -2.5146E-01   2.6650E-01   2.7231E+02   7.4261E-10   3.5961E+01  -3.2893E-02  -8.5692E-02   1.0156E+00
 4.6709E-02  -1.7649E-02   1.8051E-02  -3.7598E+01  -8.1389E-02  -2.0788E-01   2.2325E-01   2.7233E+02   6.4006E-10   3.4784E+01  -2.7470E-02  -7.1564E-02   9.3113E-01
 4.6146E-02  -1.9115E-02   1.9622E-02  -3.7736E+01  -9.8605E-02  -2.4576E-01   2.6480E-01   2.7232E+02   6.9484E-10   3.5217E+01  -3.2655E-02  -8.5071E-02   1.0131E+00
 4.5533E-02  -2.0559E-02   2.1192E-02  -3.8094E+01  -1.0365E-01  -2.3153E-01   2.5368E-01   2.7240E+02   6.6125E-10   3.1776E+01  -3.6945E-02  -7.9221E-02   9.9086E-01
 4.4845E-02  -2.1970E-02   2.2762E-02  -3.8144E+01  -8.8310E-02  -1.7520E-01   1.9620E-01   2.7246E+02   5.5102E-10   2.9280E+01  -3.0620E-02  -6.0090E-02   8.7233E-01
 4.4132E-02  -2.3370E-02   2.4333E-02  -3.8115E+01  -8.7780E-02  -1.6862E-01   1.9010E-01   2.7247E+02   5.1361E-10   2.9020E+01  -2.9666E-02  -5.8218E-02   8.5863E-01
 4.3395E-02  -2.4756E-02   2.5902E-02  -3.8237E+01  -9.8167E-02  -1.7682E-01   2.0225E-01   2.7250E+02   4.9943E-10   2.7839E+01  -3.3784E-02  -6.0945E-02   8.8466E-01
 4.2587E-02  -2.6100E-02   2.7472E-02  -3.8341E+01  -7.8607E-02  -1.2660E-01   1.4902E-01   2.7258E+02   3.7335E-10   2.4144E+01  -2.7921E-02  -4.2990E-02   7.5968E-01
 4.1732E-02  -2.7416E-02   2.9042E-02  -3.8187E+01  -5.5100E-02  -8.4005E-02   1.0046E-01   2.7261E+02   2.7351E-10   2.3067E+01  -1.8786E-02  -2.8925E-02   6.2438E-01
 4.0877E-02  -2.8733E-02   3.0612E-02  -3.8114E+01  -7.5871E-02  -1.1172E-01   1.3504E-01   2.7259E+02   2.9100E-10   2.3765E+01  -2.5331E-02  -3.9001E-02   7.2273E-01
 3.9955E-02  -3.0002E-02   3.2182E-02  -3.8251E+01  -5.9045E-02  -7.9789E-02   9.9261E-02   2.7269E+02   2.0257E-10   1.9720E+01  -2.1499E-02  -2.6544E-02   6.1930E-01
 3.8966E-02  -3.1223E-02   3.3753E-02  -3.8040E+01  -2.5675E-02  -3.0835E-02   4.0125E-02   2.7271E+02   1.2019E-10   1.8582E+01  -8.6695E-03  -1.0704E-02   3.9452E-01
 3.7977E-02  -3.2444E-02   3.5324E-02  -3.7934E+01  -3.9833E-02  -4.7745E-02   6.2179E-02   2.7270E+02   1.1988E-10   1.9165E+01  -1.3461E-02  -1.6620E-02   4.9065E-01
 3.6948E-02  -3.3628E-02   3.6894E-02  -3.7941E+01  -3.9412E-02  -4.4364E-02   5.9342E-02   2.7273E+02   1.0315E-10   1.7753E+01  -1.3938E-02  -1.4943E-02   4.7897E-01
 3.5857E-02  -3.4757E-02   3.8464E-02  -3.7840E+01  -2.1104E-02  -2.1331E-02   3.0007E-02   2.7275E+02   6.9965E-11   1.6787E+01  -7.2931E-03  -7.2910E-03   3.4100E-01
 3.4746E-02  -3.5867E-02   4.0035E-02  -3.7734E+01  -2.4570E-02  -2.3932E-02   3.4299E-02   2.7274E+02   6.6192E-11   1.7597E+01  -8.3355E-03  -8.3331E-03   3.6457E-01
 3.3617E-02  -3.6957E-02   4.1605E-02  -3.7694E+01  -4.0612E-02  -3.7425E-02   5.5227E-02   2.7272E+02   7.9618E-11   1.8321E+01  -1.3913E-02  -1.2971E-02   4.6213E-01
 3.2434E-02  -3.7986E-02   4.3174E-02  -3.7684E+01  -3.8743E-02  -3.2015E-02   5.0259E-02   2.7274E+02   7.4371E-11   1.7552E+01  -1.3438E-02  -1.0878E-02   4.4111E-01
 3.1214E-02  -3.8973E-02   4.4743E-02  -3.7609E+01  -3.6223E-02  -2.8654E-02   4.6186E-02   2.7272E+02   7.2441E-11   1.8321E+01  -1.2324E-02  -9.9769E-03   4.2327E-01
 2.9994E-02  -3.9961E-02   4.6313E-02  -3.7580E+01  -7.2506E-02  -5.5776E-02   9.1477E-02   2.7267E+02   1.1174E-10   2.0500E+01  -2.4481E-02  -1.9818E-02   5.9474E-01
 2.8726E-02  -4.0882E-02   4.7882E-02  -3.7706E+01  -8.1601E-02  -5.4776E-02   9.8281E-02   2.7269E+02   1.2378E-10   1.9549E+01  -2.8391E-02  -1.8433E-02   6.1650E-01
 2.7409E-02  -4.1737E-02   4.9452E-02  -3.7656E+01  -7.6423E-02  -4.8455E-02   9.0489E-02   2.7267E+02   1.3444E-10   2.0228E+01  -2.6059E-02  -1.6918E-02   5.9250E-01
 2.6093E-02  -4.2592E-02   5.1022E-02  -3.7700E+01  -1.1826E-01  -7.3796E-02   1.3940E-01   2.7262E+02   1.9918E-10   2.2431E+01  -4.0221E-02  -2.6113E-02   7.3471E-01
 2.4749E-02  -4.3399E-02   5.2590E-02  -3.7900E+01  -1.4464E-01  -8.0575E-02   1.6557E-01   2.7261E+02   2.6323E-10   2.2911E+01  -4.9898E-02  -2.7652E-02   8.0031E-01
 2.3364E-02  -4.4135E-02   5.4159E-02  -3.7993E+01  -1.4710E-01  -7.4324E-02   1.6481E-01   2.7259E+02   3.1464E-10   2.3663E+01  -5.0487E-02  -2.5718E-02   7.9936E-01
 2.1965E-02  -4.4848E-02   5.5729E-02  -3.8095E+01  -1.7967E-01  -8.8863E-02   2.0044E-01   2.7254E+02   4.1528E-10   2.6014E+01  -6.1406E-02  -3.1281E-02   8.8158E-01
 2.0555E-02  -4.5535E-02   5.7297E-02  -3.8363E+01  -2.3210E-01  -1.0545E-01   2.5493E-01   2.7248E+02   6.1308E-10   2.8470E+01  -7.9640E-02  -3.7130E-02   9.9323E-01
 1.9112E-02  -4.6148E-02   5.8866E-02  -3.8703E+01  -2.5370E-01  -9.7619E-02   2.7184E-01   2.7244E+02   8.4936E-10   3.0112E+01  -8.7379E-02  -3.3535E-02   1.0263E+00
 1.7647E-02  -4.6710E-02   6.0436E-02  -3.8928E+01  -2.8977E-01  -1.0856E-01   3.0943E-01   2.7235E+02   1.2770E-09   3.3889E+01  -9.9289E-02  -3.8106E-02   1.0962E+00
 1.6181E-02  -4.7272E-02   6.2006E-02  -3.9403E+01  -3.8134E-01  -1.3908E-01   4.0591E-01   2.7223E+02   3.7001E-09   3.9372E+01  -1.3074E-01  -5.0177E-02   1.2537E+00
 1.4690E-02  -4.7757E-02   6.3575E-02  -4.0197E+01  -4.6965E-01  -1.2557E-01   4.8615E-01   2.7219E+02   5.1272E-09   4.1127E+01  -1.6219E-01  -4.3451E-02   1.3722E+00
 1.3174E-02  -4.8163E-02   6.5145E-02  -4.1194E+01  -5.3443E-01  -1.4071E-01   5.5264E-01   2.7226E+02   4.7798E-09   3.7929E+01  -1.8403E-01  -4.9302E-02   1.4652E+00
 1.1658E-02  -4.8569E-02   6.6715E-02  -4.2525E+01  -6.1920E-01  -1.5870E-01   6.3921E-01   2.7224E+02   2.7454E-08   3.8726E+01  -2.1354E-01  -5.7207E-02   1.5742E+00
 1.0130E-02  -4.8922E-02   6.8284E-02  -4.4287E+01  -6.9099E-01  -1.2926E-01   7.0298E-01   2.7233E+02   1.3055E-08   3.4946E+01  -2.3928E-01  -4.6500E-02   1.6497E+00
 8.5850E-03  -4.9194E-02   6.9853E-02  -4.7285E+01  -8.1878E-01  -1.2818E-01   8.2875E-01   2.7226E+02   2.1651E-08   3.8083E+01  -2.8383E-01  -4.4948E-02   1.7934E+00
 7.0345E-03  -4.9440E-02   7.1422E-02  -5.1544E+01  -8.1689E-01  -1.2888E-01   8.2700E-01   2.7228E+02   2.8597E-08   3.7084E+01  -2.8324E-01  -4.4854E-02   1.7914E+00
 5.4812E-03  -4.9658E-02   7.2991E-02  -5.6024E+01  -4.2962E-01  -5.7200E-02   4.3341E-01   2.7229E+02   5.3246E-09   3.6472E+01  -1.4851E-01  -1.8234E-02   1.2954E+00
 3.9192E-03  -4.9795E-02   7.4560E-02  -5.9830E+01  -2.8806E-01   1.5147E-03   2.8807E-01   2.7191E+02   9.9463E-09   5.2553E+01  -9.8748E-02  -5.1743E-03   1.0565E+00
 2.3515E-03  -4.9877E-02   7.6130E-02  -6.8837E+01  -7.0855E-01  -1.9404E-02   7.0882E-01   2.7212E+02   9.5283E-09   4.3721E+01  -2.4450E-01  -1.2812E-02   1.6594E+00
 7.8384E-04  -4.9959E-02   7.7700E-02  -7.9060E+01   4.7241E-01  -2.2869E-02   4.7296E-01   2.7223E+02   2.1158E-08   3.9027E+01   1.6229E-01   8.5041E-03   1.3500E+00
-7.8384E-04  -4.9959E-02   7.9270E-02  -7.7051E+01   1.4149E+00  -2.4672E-02   1.4151E+00   2.7163E+02   5.2615E-08   6.5509E+01   4.9646E-01  -2.6014E-02   2.3424E+00
-2.3515E-03  -4.9877E-02   8.0840E-02  -8.5524E+01   5.3128E-01  -8.9747E-03   5.3135E-01   2.7188E+02   3.9838E-08   5.4044E+01   1.8256E-01  -9.5659E-03   1.4370E+00
-3.9192E-03  -4.9795E-02   8.2409E-02  -9.5784E+01   1.3189E+00  -9.6404E-02   1.3224E+00   2.7204E+02   6.0060E-08   4.7992E+01   4.6300E-01  -2.4261E-02   2.2648E+00
-5.4812E-03  -4.9658E-02   8.3978E-02  -9.4954E+01   2.2841E+00  -2.6133E-01   2.2990E+00   2.7171E+02   9.7075E-08   6.3486E+01   8.2359E-01  -1.0112E-01   2.9861E+00
-7.0345E-03  -4.9440E-02   8.5547E-02  -9.5961E+01   1.9425E+00  -2.7041E-01   1.9612E+00   2.7169E+02   9.4211E-08   6.3784E+01   6.9008E-01  -1.0928E-01   2.7609E+00
-8.5850E-03  -4.9194E-02   8.7117E-02  -1.0414E+02   1.8645E+00  -2.8903E-01   1.8867E+00   2.7189E+02   9.2967E-08   5.4616E+01   6.6287E-01  -1.0497E-01   2.7073E+00
-1.0130E-02  -4.8922E-02   8.8686E-02  -1.0740E+02   2.7565E+00  -5.6361E-01   2.8135E+00   2.7180E+02   1.1983E-07   6.0010E+01   1.0152E+00  -1.9729E-01   3.3029E+00
-1.1658E-02  -4.8569E-02   9.0255E-02  -9.9701E+01   2.8949E+00  -7.1013E-01   2.9807E+00   2.7156E+02   1.3700E-07   7.1127E+01   1.0630E+00  -2.8477E-01   3.4025E+00
-1.3174E-02  -4.8163E-02   9.1824E-02  -1.0470E+02   2.1144E+00  -5.3056E-01   2.1799E+00   2.7179E+02   1.1260E-07   5.9372E+01   7.5494E-01  -2.0225E-01   2.9118E+00
-1.4690E-02  -4.7757E-02   9.3394E-02  -1.1438E+02   2.9026E+00  -8.5507E-01   3.0259E+00   2.7192E+02   1.2402E-07   5.5238E+01   1.0830E+00  -2.9014E-01   3.4243E+00
-1.6181E-02  -4.7272E-02   9.4964E-02  -9.9375E+01   3.6598E+00  -1.3066E+00   3.8860E+00   2.7150E+02   1.6944E-07   7.5852E+01   1.3908E+00  -5.3376E-01   3.8830E+00
-1.7647E-02  -4.6710E-02   9.6534E-02  -9.9860E+01   2.5527E+00  -9.3630E-01   2.7190E+00   2.7174E+02   1.2898E-07   6.2252E+01   9.2708E-01  -3.5580E-01   3.2521E+00
-1.9112E-02  -4.6148E-02   9.8103E-02  -1.0582E+02   2.8508E+00  -1.1190E+00   3.0626E+00   2.7190E+02   1.2762E-07   5.5989E+01   1.0601E+00  -4.0685E-01   3.4476E+00
-2.0555E-02  -4.5535E-02   9.9672E-02  -9.7351E+01   3.4893E+00  -1.5853E+00   3.8325E+00   2.7165E+02   1.5560E-07   6.8540E+01   1.3294E+00  -6.1981E-01   3.8557E+00
-2.1965E-02  -4.4848E-02   1.0124E-01  -9.0689E+01   2.9739E+00  -1.4543E+00   3.3104E+00   2.7167E+02   1.4125E-07   6.6592E+01   1.1027E+00  -5.6173E-01   3.5871E+00
-2.3364E-02  -4.4135E-02   1.0281E-01  -9.3282E+01   2.7065E+00  -1.3635E+00   3.0305E+00   2.7186E+02   1.2420E-07   5.7520E+01   9.9904E-01  -5.0892E-01   3.4313E+00
-2.4749E-02  -4.3399E-02   1.0438E-01  -9.1024E+01   3.2243E+00  -1.8113E+00   3.6982E+00   2.7178E+02   1.3458E-07   6.2392E+01   1.2315E+00  -6.8243E-01   3.7869E+00
-2.6093E-02  -4.2592E-02   1.0595E-01  -7.7689E+01   3.1776E+00  -1.9754E+00   3.7416E+00   2.7159E+02   1.4290E-07   7.1335E+01   1.1948E+00  -7.7573E-01   3.8121E+00
-2.7409E-02  -4.1737E-02   1.0752E-01  -7.7141E+01   2.4737E+00  -1.5622E+00   2.9257E+00   2.7180E+02   1.1509E-07   5.9946E+01   9.0327E-01  -5.8644E-01   3.3733E+00
-2.8726E-02  -4.0882E-02   1.0909E-01  -8.1242E+01   2.8828E+00  -1.9568E+00   3.4842E+00   2.7190E+02   1.1106E-07   5.6830E+01   1.1027E+00  -7.1594E-01   3.6747E+00
-2.9994E-02  -3.9961E-02   1.1066E-01  -6.3621E+01   3.2969E+00  -2.5455E+00   4.1652E+00   2.7153E+02   1.3843E-07   7.5014E+01   1.2561E+00  -1.0168E+00   4.0199E+00
-3.1214E-02  -3.8973E-02   1.1223E-01  -5.9369E+01   2.4242E+00  -1.9137E+00   3.0885E+00   2.7176E+02   1.0556E-07   6.2117E+01   8.8907E-01  -7.1973E-01   3.4661E+00
-3.2434E-02  -3.7986E-02   1.1380E-01  -6.0160E+01   2.5130E+00  -2.0637E+00   3.2517E+00   2.7188E+02   9.6498E-08   5.7071E+01   9.4399E-01  -7.6419E-01   3.5526E+00
-3.3617E-02  -3.6957E-02   1.1537E-01  -4.9644E+01   2.8126E+00  -2.5727E+00   3.8118E+00   2.7165E+02   1.0861E-07   6.8417E+01   1.0661E+00  -9.9396E-01   3.8452E+00
-3.4746E-02  -3.5867E-02   1.1693E-01  -4.0560E+01   2.3886E+00  -2.3177E+00   3.3282E+00   2.7167E+02   9.6558E-08   6.6658E+01   8.8056E-01  -8.8031E-01   3.5968E+00
-3.5857E-02  -3.4757E-02   1.1851E-01  -3.8808E+01   2.1378E+00  -2.1255E+00   3.0146E+00   2.7183E+02   8.1556E-08   5.8719E+01   7.8822E-01  -7.8799E-01   3.4225E+00
-3.6948E-02  -3.3628E-02   1.2008E-01  -3.3741E+01   2.3240E+00  -2.5223E+00   3.4297E+00   2.7175E+02   8.1586E-08   6.3169E+01   8.8071E-01  -9.4419E-01   3.6469E+00
-3.7977E-02  -3.2444E-02   1.2165E-01  -2.1179E+01   2.1975E+00  -2.6114E+00   3.4130E+00   2.7158E+02   8.2102E-08   7.1150E+01   8.0678E-01  -9.9611E-01   3.6409E+00
-3.8966E-02  -3.1223E-02   1.2322E-01  -1.7400E+01   1.7465E+00  -2.1141E+00   2.7422E+00   2.7177E+02   6.4630E-08   6.1271E+01   6.3095E-01  -7.7902E-01   3.2660E+00
-3.9955E-02  -3.0002E-02   1.2479E-01  -1.6751E+01   1.8450E+00  -2.3795E+00   3.0110E+00   2.7184E+02   5.7596E-08   5.8695E+01   7.0173E-01  -8.6641E-01   3.4164E+00
-4.0877E-02  -2.8733E-02   1.2636E-01  -3.0936E+00   1.9353E+00  -2.8349E+00   3.4325E+00   2.7150E+02   6.6280E-08   7.4554E+01   7.0329E-01  -1.0828E+00   3.6493E+00
-4.1732E-02  -2.7416E-02   1.2793E-01   2.5091E+00   1.4508E+00  -2.1894E+00   2.6265E+00   2.7171E+02   5.0086E-08   6.3509E+01   5.2073E-01  -8.0175E-01   3.1966E+00
-4.2587E-02  -2.6100E-02   1.2950E-01   4.9523E+00   1.4096E+00  -2.2175E+00   2.6276E+00   2.7181E+02   4.3299E-08   5.9495E+01   5.2201E-01  -8.0372E-01   3.1938E+00
-4.3395E-02  -2.4756E-02   1.3107E-01   1.3206E+01   1.4272E+00  -2.5241E+00   2.8996E+00   2.7161E+02   4.4464E-08   6.8896E+01   5.1816E-01  -9.3476E-01   3.3540E+00
-4.4132E-02  -2.3370E-02   1.3264E-01   2.0551E+01   1.1748E+00  -2.2316E+00   2.5220E+00   2.7162E+02   3.7310E-08   6.7422E+01   4.1548E-01  -8.1536E-01   3.1312E+00
-4.4845E-02  -2.1970E-02   1.3421E-01   2.4016E+01   1.0144E+00  -1.9943E+00   2.2374E+00   2.7176E+02   2.9553E-08   6.1095E+01   3.6522E-01  -7.1673E-01   2.9488E+00
-4.5533E-02  -2.0559E-02   1.3578E-01   2.8689E+01   9.8141E-01  -2.1468E+00   2.3605E+00   2.7169E+02   2.6467E-08   6.4380E+01   3.6081E-01  -7.7368E-01   3.0258E+00
-4.6146E-02  -1.9115E-02   1.3735E-01   3.6341E+01   8.5247E-01  -2.1020E+00   2.2683E+00   2.7154E+02   2.4272E-08   7.0816E+01   2.9258E-01  -7.6222E-01   2.9684E+00
-4.6709E-02  -1.7649E-02   1.3892E-01   4.0217E+01   6.6592E-01  -1.6991E+00   1.8250E+00   2.7169E+02   1.8554E-08   6.3532E+01   2.3186E-01  -6.0404E-01   2.6647E+00
-4.7272E-02  -1.6183E-02   1.4049E-01   4.2612E+01   6.1281E-01  -1.7136E+00   1.8199E+00   2.7174E+02   1.5318E-08   6.1324E+01   2.3183E-01  -6.0397E-01   2.6563E+00
-4.7756E-02  -1.4691E-02   1.4206E-01   4.9114E+01   5.3808E-01  -1.8231E+00   1.9009E+00   2.7148E+02   1.5518E-08   7.2913E+01   1.7516E-01  -6.5378E-01   2.7158E+00
-4.8163E-02  -1.3175E-02   1.4363E-01   5.2758E+01   3.8311E-01  -1.3913E+00   1.4430E+00   2.7165E+02   1.0671E-08   6.4641E+01   1.3098E-01  -4.8888E-01   2.3697E+00
-4.8569E-02  -1.1658E-02   1.4520E-01   5.5207E+01   3.2620E-01  -1.2757E+00   1.3168E+00   2.7171E+02   8.1321E-09   6.2084E+01   1.1937E-01  -4.4554E-01   2.2612E+00
-4.8922E-02  -1.0130E-02   1.4677E-01   5.8704E+01   2.5627E-01  -1.2427E+00   1.2688E+00   2.7158E+02   6.4974E-09   6.7792E+01   8.4759E-02  -4.3613E-01   2.2187E+00
-4.9194E-02  -8.5852E-03   1.4834E-01   6.1613E+01   1.7348E-01  -1.0016E+00   1.0165E+00   2.7160E+02   4.7060E-09   6.6340E+01   5.5234E-02  -3.4879E-01   1.9879E+00
-4.9440E-02  -7.0346E-03   1.4991E-01   6.3525E+01   1.2570E-01  -7.9290E-01   8.0281E-01   2.7166E+02   3.7465E-09   6.3460E+01   4.3446E-02  -2.7434E-01   1.7666E+00
-4.9658E-02  -5.4812E-03   1.5148E-01   6.5201E+01   8.1287E-02  -6.6559E-01   6.7053E-01   2.7160E+02   3.1051E-09   6.6189E+01   2.8260E-02  -2.3017E-01   1.6129E+00
-4.9795E-02  -3.9192E-03   1.5304E-01   6.6734E+01   4.3453E-02  -5.2400E-01   5.2580E-01   2.7129E+02   2.4226E-08   7.9037E+01   9.4687E-03  -1.8070E-01   1.4295E+00
-4.9877E-02  -2.3515E-03   1.5461E-01   6.7578E+01   2.6212E-02  -3.1240E-01   3.1350E-01   2.7118E+02   2.2058E-06   8.3544E+01   5.6169E-03  -1.0719E-01   1.1067E+00
-4.9959E-02  -7.8385E-04   1.5618E-01   6.8016E+01   1.5932E-02  -1.1066E-01   1.1180E-01   2.7114E+02   2.0152E-06   8.5383E+01   1.9982E-03  -3.8133E-02   6.6320E-01
