#        X=           Y=           S=           P=           U=           V=         Vel=           T=         mut=         hcv=          Ax=          Ay=       Yplus=
 5.7842E-01  -3.6898E-03  -5.9084E-01   1.4463E+03   2.7610E+01  -3.5935E+00   2.7843E+01   2.6762E+02   1.0667E-46   1.1117E+02   4.6943E+00  -7.1825E-01   4.2063E+01
 5.6670E-01  -2.2693E-03  -5.7903E-01   1.6645E+03   1.8655E+01  -1.1757E+00   1.8692E+01   2.6708E+02   5.2548E-04   1.9549E+02   5.1309E+00  -4.6336E-01   7.5292E+01
 5.5470E-01  -1.5244E-03  -5.6700E-01   1.7832E+03   1.7817E+01  -3.3055E-01   1.7820E+01   2.6731E+02   4.7135E-04   1.7225E+02   4.4922E+00  -1.5458E-01   6.7794E+01
 5.4246E-01  -1.4040E-03  -5.5476E-01   1.8103E+03   1.6344E+01   4.6419E-01   1.6351E+01   2.6733E+02   4.5488E-04   1.6669E+02   4.0019E+00   5.7392E-02   6.5391E+01
 5.3004E-01  -1.8406E-03  -5.4233E-01   1.7920E+03   1.5913E+01   1.0510E+00   1.5948E+01   2.6739E+02   4.5056E-04   1.6352E+02   3.8672E+00   2.1535E-01   6.4746E+01
 5.1747E-01  -2.7538E-03  -5.2972E-01   1.7386E+03   1.5898E+01   1.5384E+00   1.5973E+01   2.6744E+02   4.5568E-04   1.6366E+02   3.8998E+00   3.4882E-01   6.5433E+01
 5.0478E-01  -4.0545E-03  -5.1697E-01   1.6641E+03   1.6288E+01   1.9571E+00   1.6405E+01   2.6747E+02   4.6704E-04   1.6615E+02   4.0772E+00   4.7063E-01   6.7017E+01
 4.9199E-01  -5.6507E-03  -5.0407E-01   1.5849E+03   1.6879E+01   2.3234E+00   1.7038E+01   2.6746E+02   4.8146E-04   1.7051E+02   4.3330E+00   5.8092E-01   6.9045E+01
 4.7911E-01  -7.4750E-03  -4.9107E-01   1.5019E+03   1.7481E+01   2.6604E+00   1.7682E+01   2.6746E+02   4.9643E-04   1.7494E+02   4.6027E+00   6.8680E-01   7.1149E+01
 4.6617E-01  -9.4907E-03  -4.7797E-01   1.4121E+03   1.8119E+01   2.9813E+00   1.8362E+01   2.6746E+02   5.1228E-04   1.7944E+02   4.8963E+00   7.9450E-01   7.3376E+01
 4.5318E-01  -1.1668E-02  -4.6480E-01   1.3136E+03   1.8847E+01   3.2900E+00   1.9132E+01   2.6746E+02   5.2971E-04   1.8438E+02   5.2365E+00   9.0631E-01   7.5827E+01
 4.4017E-01  -1.3975E-02  -4.5159E-01   1.2027E+03   1.9718E+01   3.5872E+00   2.0041E+01   2.6746E+02   5.4921E-04   1.9002E+02   5.6453E+00   1.0248E+00   7.8574E+01
 4.2716E-01  -1.6373E-02  -4.3835E-01   1.0782E+03   2.0784E+01   3.8611E+00   2.1140E+01   2.6744E+02   5.7116E-04   1.9673E+02   6.1478E+00   1.1487E+00   8.1675E+01
 4.1414E-01  -1.8811E-02  -4.2511E-01   9.4483E+02   2.2051E+01   4.0857E+00   2.2427E+01   2.6741E+02   5.9522E-04   2.0473E+02   6.7512E+00   1.2688E+00   8.5084E+01
 4.0115E-01  -2.1231E-02  -4.1190E-01   8.0672E+02   2.3473E+01   4.2344E+00   2.3852E+01   2.6736E+02   6.2042E-04   2.1379E+02   7.4403E+00   1.3744E+00   8.8663E+01
 3.8820E-01  -2.3577E-02  -3.9873E-01   6.6900E+02   2.5003E+01   4.2810E+00   2.5366E+01   2.6729E+02   6.4575E-04   2.2364E+02   8.1960E+00   1.4529E+00   9.2269E+01
 3.7529E-01  -2.5790E-02  -3.8564E-01   5.4361E+02   2.6538E+01   4.1988E+00   2.6869E+01   2.6721E+02   6.6946E-04   2.3379E+02   8.9682E+00   1.4857E+00   9.5655E+01
 3.6245E-01  -2.7820E-02  -3.7263E-01   4.5028E+02   2.7912E+01   3.9813E+00   2.8195E+01   2.6712E+02   6.8933E-04   2.4332E+02   9.6703E+00   1.4538E+00   9.8503E+01
 3.4968E-01  -2.9636E-02  -3.5974E-01   3.8986E+02   2.8982E+01   3.6780E+00   2.9214E+01   2.6703E+02   7.0416E-04   2.5108E+02   1.0225E+01   1.3727E+00   1.0063E+02
 3.3703E-01  -3.1239E-02  -3.4699E-01   3.5373E+02   2.9791E+01   3.3381E+00   2.9977E+01   2.6696E+02   7.1504E-04   2.5723E+02   1.0649E+01   1.2677E+00   1.0220E+02
 3.2451E-01  -3.2640E-02  -3.3439E-01   3.3664E+02   3.0423E+01   2.9830E+00   3.0569E+01   2.6690E+02   7.2318E-04   2.6236E+02   1.0982E+01   1.1499E+00   1.0338E+02
 3.1214E-01  -3.3853E-02  -3.2196E-01   3.3490E+02   3.0923E+01   2.6250E+00   3.1034E+01   2.6684E+02   7.2923E-04   2.6675E+02   1.1242E+01   1.0259E+00   1.0426E+02
 2.9996E-01  -3.4889E-02  -3.0973E-01   3.4520E+02   3.1321E+01   2.2715E+00   3.1403E+01   2.6678E+02   7.3371E-04   2.7061E+02   1.1447E+01   9.0028E-01   1.0492E+02
 2.8796E-01  -3.5761E-02  -2.9771E-01   3.6454E+02   3.1646E+01   1.9258E+00   3.1705E+01   2.6672E+02   7.3701E-04   2.7411E+02   1.1611E+01   7.7590E-01   1.0541E+02
 2.7619E-01  -3.6483E-02  -2.8591E-01   3.9179E+02   3.1918E+01   1.5871E+00   3.1958E+01   2.6666E+02   7.3938E-04   2.7739E+02   1.1743E+01   6.5267E-01   1.0577E+02
 2.6464E-01  -3.7063E-02  -2.7435E-01   4.2630E+02   3.2142E+01   1.2561E+00   3.2166E+01   2.6660E+02   7.4089E-04   2.8049E+02   1.1847E+01   5.3098E-01   1.0601E+02
 2.5335E-01  -3.7512E-02  -2.6304E-01   4.6730E+02   3.2321E+01   9.3463E-01   3.2335E+01   2.6654E+02   7.4163E-04   2.8342E+02   1.1924E+01   4.1189E-01   1.0614E+02
 2.4231E-01  -3.7840E-02  -2.5200E-01   5.1402E+02   3.2460E+01   6.2394E-01   3.2466E+01   2.6648E+02   7.4168E-04   2.8623E+02   1.1977E+01   2.9628E-01   1.0617E+02
 2.3154E-01  -3.8056E-02  -2.4123E-01   5.6573E+02   3.2564E+01   3.2510E-01   3.2565E+01   2.6641E+02   7.4113E-04   2.8893E+02   1.2008E+01   1.8483E-01   1.0612E+02
 2.2105E-01  -3.8172E-02  -2.3074E-01   6.2172E+02   3.2634E+01   3.8845E-02   3.2634E+01   2.6634E+02   7.4005E-04   2.9153E+02   1.2020E+01   7.8066E-02   1.0600E+02
 2.1085E-01  -3.8196E-02  -2.2054E-01   6.8133E+02   3.2674E+01  -2.3440E-01   3.2675E+01   2.6627E+02   7.3851E-04   2.9405E+02   1.2015E+01  -2.3611E-02   1.0581E+02
 2.0094E-01  -3.8137E-02  -2.1063E-01   7.4397E+02   3.2686E+01  -4.9456E-01   3.2689E+01   2.6620E+02   7.3656E-04   2.9648E+02   1.1993E+01  -1.1994E-01   1.0556E+02
 1.9134E-01  -3.8005E-02  -2.0102E-01   8.0905E+02   3.2672E+01  -7.4197E-01   3.2680E+01   2.6613E+02   7.3428E-04   2.9884E+02   1.1957E+01  -2.1078E-01   1.0527E+02
 1.8203E-01  -3.7808E-02  -1.9172E-01   8.7606E+02   3.2644E+01  -9.7733E-01   3.2658E+01   2.6605E+02   7.3171E-04   3.0121E+02   1.1912E+01  -2.9615E-01   1.0494E+02
 1.7303E-01  -3.7554E-02  -1.8271E-01   9.4464E+02   3.2603E+01  -1.2015E+00   3.2625E+01   2.6598E+02   7.2893E-04   3.0362E+02   1.1860E+01  -3.7613E-01   1.0457E+02
 1.6433E-01  -3.7250E-02  -1.7401E-01   1.0144E+03   3.2554E+01  -1.4161E+00   3.2584E+01   2.6589E+02   7.2601E-04   3.0612E+02   1.1802E+01  -4.5091E-01   1.0419E+02
 1.5595E-01  -3.6904E-02  -1.6561E-01   1.0844E+03   3.2503E+01  -1.6236E+00   3.2544E+01   2.6581E+02   7.2314E-04   3.0875E+02   1.1745E+01  -5.2084E-01   1.0382E+02
 1.4786E-01  -3.6523E-02  -1.5752E-01   1.1524E+03   3.2464E+01  -1.8293E+00   3.2516E+01   2.6572E+02   7.2052E-04   3.1162E+02   1.1697E+01  -5.8662E-01   1.0349E+02
 1.4008E-01  -3.6110E-02  -1.4973E-01   1.2177E+03   3.2444E+01  -2.0445E+00   3.2508E+01   2.6563E+02   7.1817E-04   3.1473E+02   1.1659E+01  -6.5254E-01   1.0319E+02
 1.3259E-01  -3.5668E-02  -1.4223E-01   1.2831E+03   3.2428E+01  -2.2778E+00   3.2508E+01   2.6553E+02   7.1577E-04   3.1798E+02   1.1622E+01  -7.2463E-01   1.0289E+02
 1.2540E-01  -3.5195E-02  -1.3502E-01   1.3503E+03   3.2396E+01  -2.5258E+00   3.2495E+01   2.6543E+02   7.1298E-04   3.2119E+02   1.1575E+01  -8.0172E-01   1.0253E+02
 1.1850E-01  -3.4692E-02  -1.2810E-01   1.4202E+03   3.2338E+01  -2.7850E+00   3.2458E+01   2.6533E+02   7.0960E-04   3.2426E+02   1.1511E+01  -8.8205E-01   1.0209E+02
 1.1189E-01  -3.4160E-02  -1.2147E-01   1.4932E+03   3.2247E+01  -3.0514E+00   3.2391E+01   2.6522E+02   7.0553E-04   3.2712E+02   1.1425E+01  -9.6394E-01   1.0156E+02
 1.0555E-01  -3.3601E-02  -1.1511E-01   1.5695E+03   3.2119E+01  -3.3218E+00   3.2291E+01   2.6511E+02   7.0067E-04   3.2973E+02   1.1317E+01  -1.0457E+00   1.0091E+02
 9.9487E-02  -3.3016E-02  -1.0902E-01   1.6490E+03   3.1952E+01  -3.5927E+00   3.2154E+01   2.6501E+02   6.9499E-04   3.3203E+02   1.1184E+01  -1.1259E+00   1.0015E+02
 9.3693E-02  -3.2409E-02  -1.0319E-01   1.7318E+03   3.1745E+01  -3.8614E+00   3.1979E+01   2.6490E+02   6.8845E-04   3.3401E+02   1.1027E+01  -1.2031E+00   9.9271E+01
 8.8159E-02  -3.1782E-02  -9.7619E-02   1.8176E+03   3.1495E+01  -4.1251E+00   3.1764E+01   2.6478E+02   6.8105E-04   3.3563E+02   1.0845E+01  -1.2759E+00   9.8269E+01
 8.2877E-02  -3.1139E-02  -9.2299E-02   1.9061E+03   3.1206E+01  -4.3822E+00   3.1512E+01   2.6467E+02   6.7284E-04   3.3692E+02   1.0640E+01  -1.3433E+00   9.7153E+01
 7.7841E-02  -3.0481E-02  -8.7219E-02   1.9964E+03   3.0880E+01  -4.6322E+00   3.1225E+01   2.6455E+02   6.6392E-04   3.3790E+02   1.0416E+01  -1.4047E+00   9.5937E+01
 7.3041E-02  -2.9814E-02  -8.2373E-02   2.0868E+03   3.0526E+01  -4.8779E+00   3.0913E+01   2.6444E+02   6.5432E-04   3.3857E+02   1.0177E+01  -1.4601E+00   9.4627E+01
 6.8471E-02  -2.9138E-02  -7.7753E-02   2.1777E+03   3.0141E+01  -5.1257E+00   3.0574E+01   2.6432E+02   6.4385E-04   3.3885E+02   9.9193E+00  -1.5128E+00   9.3195E+01
 6.4123E-02  -2.8454E-02  -7.3352E-02   2.2709E+03   2.9711E+01  -5.3744E+00   3.0193E+01   2.6419E+02   6.3214E-04   3.3853E+02   9.6352E+00  -1.5643E+00   9.1592E+01
 5.9991E-02  -2.7762E-02  -6.9163E-02   2.3671E+03   2.9222E+01  -5.6159E+00   2.9757E+01   2.6407E+02   6.1900E-04   3.3744E+02   9.3182E+00  -1.6109E+00   8.9787E+01
 5.6066E-02  -2.7062E-02  -6.5175E-02   2.4666E+03   2.8669E+01  -5.8433E+00   2.9258E+01   2.6395E+02   6.0428E-04   3.3547E+02   8.9667E+00  -1.6495E+00   8.7764E+01
 5.2339E-02  -2.6356E-02  -6.1382E-02   2.5693E+03   2.8048E+01  -6.0502E+00   2.8693E+01   2.6383E+02   5.8789E-04   3.3253E+02   8.5808E+00  -1.6775E+00   8.5508E+01
 4.8802E-02  -2.5644E-02  -5.7775E-02   2.6747E+03   2.7358E+01  -6.2311E+00   2.8059E+01   2.6371E+02   5.6976E-04   3.2854E+02   8.1620E+00  -1.6926E+00   8.3011E+01
 4.5449E-02  -2.4929E-02  -5.4346E-02   2.7825E+03   2.6601E+01  -6.3809E+00   2.7356E+01   2.6360E+02   5.4980E-04   3.2341E+02   7.7126E+00  -1.6930E+00   8.0265E+01
 4.2274E-02  -2.4213E-02  -5.1091E-02   2.8919E+03   2.5777E+01  -6.4956E+00   2.6583E+01   2.6348E+02   5.2796E-04   3.1707E+02   7.2359E+00  -1.6774E+00   7.7262E+01
 3.9268E-02  -2.3498E-02  -4.8001E-02   3.0023E+03   2.4889E+01  -6.5718E+00   2.5742E+01   2.6337E+02   5.0408E-04   3.0940E+02   6.7347E+00  -1.6447E+00   7.3986E+01
 3.6425E-02  -2.2787E-02  -4.5071E-02   3.1131E+03   2.3939E+01  -6.6064E+00   2.4834E+01   2.6326E+02   4.7787E-04   3.0024E+02   6.2113E+00  -1.5940E+00   7.0407E+01
 3.3737E-02  -2.2080E-02  -4.2291E-02   3.2236E+03   2.2928E+01  -6.5973E+00   2.3858E+01   2.6316E+02   4.4889E-04   2.8936E+02   5.6671E+00  -1.5245E+00   6.6476E+01
 3.1195E-02  -2.1381E-02  -3.9655E-02   3.3331E+03   2.1858E+01  -6.5425E+00   2.2816E+01   2.6306E+02   4.1648E-04   2.7645E+02   5.1035E+00  -1.4357E+00   6.2130E+01
 2.8793E-02  -2.0691E-02  -3.7155E-02   3.4411E+03   2.0729E+01  -6.4401E+00   2.1707E+01   2.6297E+02   3.7990E-04   2.6122E+02   4.5231E+00  -1.3276E+00   5.7314E+01
 2.6524E-02  -2.0012E-02  -3.4787E-02   3.5471E+03   1.9542E+01  -6.2895E+00   2.0529E+01   2.6288E+02   3.3864E-04   2.4365E+02   3.9346E+00  -1.2021E+00   5.2046E+01
 2.4380E-02  -1.9345E-02  -3.2542E-02   3.6497E+03   1.8304E+01  -6.0933E+00   1.9291E+01   2.6280E+02   2.9284E-04   2.2433E+02   3.3575E+00  -1.0655E+00   4.6501E+01
 2.2357E-02  -1.8692E-02  -3.0415E-02   3.7468E+03   1.7021E+01  -5.8610E+00   1.8002E+01   2.6273E+02   2.4364E-04   2.0486E+02   2.8224E+00  -9.2842E-01   4.1081E+01
 2.0449E-02  -1.8052E-02  -2.8403E-02   3.8395E+03   1.5680E+01  -5.6021E+00   1.6650E+01   2.6266E+02   1.9309E-04   1.8759E+02   2.3570E+00  -8.0700E-01   3.6339E+01
 1.8654E-02  -1.7421E-02  -2.6500E-02   3.9307E+03   1.4238E+01  -5.3014E+00   1.5193E+01   2.6260E+02   1.4418E-04   1.7432E+02   1.9680E+00  -7.1028E-01   3.2680E+01
 1.6967E-02  -1.6793E-02  -2.4700E-02   4.0205E+03   1.2666E+01  -4.9227E+00   1.3589E+01   2.6255E+02   1.0030E-04   1.6461E+02   1.6350E+00  -6.2819E-01   2.9965E+01
 1.5384E-02  -1.6164E-02  -2.2997E-02   4.1070E+03   1.0959E+01  -4.4352E+00   1.1822E+01   2.6250E+02   6.4838E-05   1.5636E+02   1.3268E+00  -5.4620E-01   2.7641E+01
 1.3901E-02  -1.5531E-02  -2.1384E-02   4.1872E+03   9.1210E+00  -3.8116E+00   9.8854E+00   2.6245E+02   3.9208E-05   1.4763E+02   1.0253E+00  -4.5408E-01   2.5193E+01
 1.2516E-02  -1.4894E-02  -1.9859E-02   4.2582E+03   7.1551E+00  -3.0239E+00   7.7678E+00   2.6241E+02   2.2280E-05   1.3745E+02   7.3011E-01  -3.4845E-01   2.2301E+01
 1.1225E-02  -1.4255E-02  -1.8419E-02   4.3168E+03   5.0678E+00  -2.0376E+00   5.4621E+00   2.6236E+02   1.1408E-05   1.2575E+02   4.5102E-01  -2.3202E-01   1.8660E+01
 1.0024E-02  -1.3615E-02  -1.7058E-02   4.3572E+03   2.9244E+00  -8.3883E-01   3.0423E+00   2.6232E+02   4.3136E-06   1.1347E+02   2.1136E-01  -1.1709E-01   1.3771E+01
 8.9088E-03  -1.2974E-02  -1.5772E-02   4.3734E+03   8.4941E-01   4.9796E-01   9.8461E-01   2.6228E+02   6.7345E-07   9.6901E+01   2.9304E-02  -1.7453E-02   5.5101E+00
 7.8730E-03  -1.2336E-02  -1.4555E-02   4.3671E+03  -1.2372E+00   1.8359E+00   2.2139E+00   2.6228E+02   4.6783E-06   1.0535E+02  -1.3066E-01   8.3488E-02   1.1388E+01
 6.9141E-03  -1.1702E-02  -1.3405E-02   4.3321E+03  -3.5150E+00   3.4309E+00   4.9119E+00   2.6228E+02   1.3480E-05   1.2412E+02  -3.6170E-01   2.4770E-01   1.7562E+01
 6.0300E-03  -1.1074E-02  -1.2320E-02   4.2583E+03  -5.8868E+00   5.3607E+00   7.9619E+00   2.6228E+02   2.6678E-05   1.4074E+02  -6.7242E-01   4.9624E-01   2.2446E+01
 5.2181E-03  -1.0450E-02  -1.1297E-02   4.1419E+03  -8.2444E+00   7.5985E+00   1.1212E+01   2.6228E+02   4.4132E-05   1.5767E+02  -1.0442E+00   8.3613E-01   2.6652E+01
 4.4760E-03  -9.8302E-03  -1.0329E-02   3.9773E+03  -1.0539E+01   1.0146E+01   1.4629E+01   2.6228E+02   6.5238E-05   1.7384E+02  -1.4601E+00   1.2765E+00   3.0460E+01
 3.8026E-03  -9.2139E-03  -9.4160E-03   3.7578E+03  -1.2722E+01   1.3016E+01   1.8200E+01   2.6227E+02   8.8981E-05   1.8935E+02  -1.9047E+00   1.8292E+00   3.4026E+01
 3.1958E-03  -8.6022E-03  -8.5541E-03   3.4786E+03  -1.4730E+01   1.6204E+01   2.1898E+01   2.6227E+02   1.1437E-04   2.0436E+02  -2.3593E+00   2.5040E+00   3.7433E+01
 2.6534E-03  -7.9961E-03  -7.7405E-03   3.1381E+03  -1.6492E+01   1.9683E+01   2.5679E+01   2.6227E+02   1.4068E-04   2.1894E+02  -2.8007E+00   3.3056E+00   4.0724E+01
 2.1730E-03  -7.3974E-03  -6.9726E-03   2.7383E+03  -1.7936E+01   2.3403E+01   2.9485E+01   2.6226E+02   1.6750E-04   2.3312E+02  -3.2027E+00   4.2315E+00   4.3918E+01
 1.7517E-03  -6.8078E-03  -6.2477E-03   2.2846E+03  -1.9003E+01   2.7296E+01   3.3259E+01   2.6226E+02   1.9471E-04   2.4692E+02  -3.5387E+00   5.2720E+00   4.7031E+01
 1.3868E-03  -6.2298E-03  -5.5638E-03   1.7871E+03  -1.9649E+01   3.1270E+01   3.6931E+01   2.6226E+02   2.2226E-04   2.6033E+02  -3.7846E+00   6.4082E+00   5.0072E+01
 1.0746E-03  -5.6654E-03  -4.9185E-03   1.2590E+03  -1.9854E+01   3.5229E+01   4.0439E+01   2.6226E+02   2.5027E-04   2.7339E+02  -3.9222E+00   7.6164E+00   5.3064E+01
 8.1112E-04  -5.1168E-03  -4.3097E-03   7.1599E+02  -1.9623E+01   3.9073E+01   4.3724E+01   2.6226E+02   2.7895E-04   2.8620E+02  -3.9413E+00   8.8700E+00   5.6038E+01
 5.9250E-04  -4.5863E-03  -3.7357E-03   1.7546E+02  -1.8984E+01   4.2705E+01   4.6734E+01   2.6227E+02   3.0835E-04   2.9886E+02  -3.8399E+00   1.0141E+01   5.9026E+01
 4.1421E-04  -4.0751E-03  -3.1941E-03  -3.4672E+02  -1.7987E+01   4.6048E+01   4.9437E+01   2.6227E+02   3.3852E-04   3.1151E+02  -3.6236E+00   1.1405E+01   6.2067E+01
 2.7193E-04  -3.5847E-03  -2.6834E-03  -8.3598E+02  -1.6698E+01   4.9043E+01   5.1807E+01   2.6228E+02   3.6942E-04   3.2425E+02  -3.3038E+00   1.2642E+01   6.5196E+01
 1.6135E-04  -3.1160E-03  -2.2016E-03  -1.2805E+03  -1.5186E+01   5.1649E+01   5.3835E+01   2.6229E+02   4.0102E-04   3.3719E+02  -2.8953E+00   1.3835E+01   6.8443E+01
 7.8335E-05  -2.6694E-03  -1.7472E-03  -1.6714E+03  -1.3527E+01   5.3844E+01   5.5517E+01   2.6229E+02   4.3321E-04   3.5036E+02  -2.4140E+00   1.4969E+01   7.1830E+01
 1.9054E-05  -2.2451E-03  -1.3188E-03  -2.0019E+03  -1.1789E+01   5.5619E+01   5.6855E+01   2.6230E+02   4.6590E-04   3.6374E+02  -1.8765E+00   1.6032E+01   7.5366E+01
-2.0051E-05  -1.8430E-03  -9.1466E-04  -2.2676E+03  -1.0037E+01   5.6973E+01   5.7851E+01   2.6232E+02   4.9885E-04   3.7712E+02  -1.2979E+00   1.7003E+01   7.9040E+01
-4.2159E-05  -1.4627E-03  -5.3368E-04  -2.4638E+03  -8.3384E+00   5.7907E+01   5.8504E+01   2.6233E+02   5.3212E-04   3.9041E+02  -6.9444E-01   1.7866E+01   8.2858E+01
-5.0102E-05  -1.1036E-03  -1.7441E-04  -2.5863E+03  -6.7362E+00   5.8421E+01   5.8808E+01   2.6235E+02   5.6466E-04   4.0256E+02  -8.1319E-02   1.8565E+01   8.6706E+01
-4.6368E-05  -7.6490E-04   1.6436E-04  -2.6304E+03  -5.3362E+00   5.8463E+01   5.8706E+01   2.6237E+02   5.9830E-04   4.1441E+02   5.2324E-01   1.9110E+01   9.0765E+01
-3.3109E-05  -4.4592E-04   4.8365E-04  -2.5816E+03  -4.1332E+00   5.8165E+01   5.8312E+01   2.6240E+02   6.2777E-04   4.2152E+02   1.0939E+00   1.9316E+01   9.4443E+01
-1.2175E-05  -1.4562E-04   7.8471E-04  -2.4725E+03  -3.3260E+00   5.7030E+01   5.7127E+01   2.6247E+02   6.6251E-04   4.2936E+02   1.6181E+00   1.9355E+01   9.8738E+01
-1.7304E-06   1.4650E-04   1.0774E-03  -2.2710E+03  -2.8558E+00   5.6792E+01   5.6864E+01   2.6245E+02   6.8766E-04   4.4054E+02  -2.3617E-01   1.9995E+01   1.0204E+02
-3.2735E-06   4.4841E-04   1.3793E-03  -2.4992E+03  -2.4649E+00   5.8019E+01   5.8071E+01   2.6241E+02   7.1356E-04   4.5688E+02   2.5437E-02   2.1100E+01   1.0554E+02
-6.0254E-07   7.6866E-04   1.6995E-03  -2.9047E+03  -1.8534E+00   5.9561E+01   5.9590E+01   2.6243E+02   7.4088E-04   4.7373E+02   3.3880E-01   2.2487E+01   1.0924E+02
 7.0961E-06   1.1083E-03   2.0393E-03  -3.2610E+03  -1.0664E+00   6.1051E+01   6.1060E+01   2.6243E+02   7.6997E-04   4.8965E+02   7.1079E-01   2.3829E+01   1.1322E+02
 2.0757E-05   1.4686E-03   2.3998E-03  -3.5497E+03  -1.5755E-01   6.2297E+01   6.2297E+01   2.6244E+02   8.0087E-04   5.0596E+02   1.1454E+00   2.5142E+01   1.1745E+02
 4.1453E-05   1.8505E-03   2.7824E-03  -3.8385E+03   8.4305E-01   6.3507E+01   6.3512E+01   2.6245E+02   8.3386E-04   5.2272E+02   1.6509E+00   2.6493E+01   1.2198E+02
 7.0412E-05   2.2556E-03   3.1884E-03  -4.1575E+03   1.9476E+00   6.4752E+01   6.4782E+01   2.6246E+02   8.6917E-04   5.4035E+02   2.2399E+00   2.7938E+01   1.2687E+02
 1.0904E-04   2.6849E-03   3.6195E-03  -4.4998E+03   3.1662E+00   6.6023E+01   6.6099E+01   2.6247E+02   9.0695E-04   5.5892E+02   2.9249E+00   2.9481E+01   1.3212E+02
 1.5895E-04   3.1400E-03   4.0774E-03  -4.8557E+03   4.5020E+00   6.7287E+01   6.7438E+01   2.6248E+02   9.4726E-04   5.7854E+02   3.7188E+00   3.1114E+01   1.3774E+02
 2.2198E-04   3.6224E-03   4.5639E-03  -5.2255E+03   5.9581E+00   6.8537E+01   6.8795E+01   2.6249E+02   9.9013E-04   5.9920E+02   4.6364E+00   3.2838E+01   1.4373E+02
 3.0014E-04   4.1330E-03   5.0805E-03  -5.6127E+03   7.5401E+00   6.9770E+01   7.0176E+01   2.6251E+02   1.0355E-03   6.2088E+02   5.6930E+00   3.4652E+01   1.5010E+02
 3.9557E-04   4.6724E-03   5.6283E-03  -6.0181E+03   9.2528E+00   7.0978E+01   7.1578E+01   2.6252E+02   1.0832E-03   6.4346E+02   6.9031E+00   3.6546E+01   1.5681E+02
 5.1070E-04   5.2415E-03   6.2090E-03  -6.4402E+03   1.1100E+01   7.2144E+01   7.2993E+01   2.6254E+02   1.1330E-03   6.6681E+02   8.2806E+00   3.8503E+01   1.6384E+02
 6.4833E-04   5.8415E-03   6.8246E-03  -6.8777E+03   1.3087E+01   7.3253E+01   7.4413E+01   2.6256E+02   1.1847E-03   6.9076E+02   9.8393E+00   4.0504E+01   1.7114E+02
 8.1158E-04   6.4739E-03   7.4778E-03  -7.3290E+03   1.5217E+01   7.4287E+01   7.5829E+01   2.6258E+02   1.2380E-03   7.1511E+02   1.1591E+01   4.2525E+01   1.7868E+02
 1.0040E-03   7.1402E-03   8.1714E-03  -7.7921E+03   1.7490E+01   7.5224E+01   7.7231E+01   2.6260E+02   1.2924E-03   7.3963E+02   1.3546E+01   4.4532E+01   1.8639E+02
 1.2293E-03   7.8412E-03   8.9078E-03  -8.2641E+03   1.9906E+01   7.6044E+01   7.8606E+01   2.6263E+02   1.3475E-03   7.6405E+02   1.5705E+01   4.6491E+01   1.9421E+02
 1.4911E-03   8.5764E-03   9.6883E-03  -8.7401E+03   2.2454E+01   7.6718E+01   7.9936E+01   2.6265E+02   1.4026E-03   7.8803E+02   1.8064E+01   4.8353E+01   2.0204E+02
 1.7935E-03   9.3459E-03   1.0515E-02  -9.2148E+03   2.5121E+01   7.7220E+01   8.1204E+01   2.6268E+02   1.4571E-03   8.1119E+02   2.0607E+01   5.0070E+01   2.0978E+02
 2.1413E-03   1.0151E-02   1.1392E-02  -9.6835E+03   2.7894E+01   7.7528E+01   8.2393E+01   2.6272E+02   1.5103E-03   8.3321E+02   2.3317E+01   5.1595E+01   2.1735E+02
 2.5397E-03   1.0991E-02   1.2322E-02  -1.0142E+04   3.0756E+01   7.7619E+01   8.3490E+01   2.6275E+02   1.5616E-03   8.5379E+02   2.6168E+01   5.2883E+01   2.2465E+02
 2.9934E-03   1.1867E-02   1.3309E-02  -1.0583E+04   3.3681E+01   7.7472E+01   8.4477E+01   2.6279E+02   1.6104E-03   8.7262E+02   2.9122E+01   5.3889E+01   2.3158E+02
 3.5072E-03   1.2777E-02   1.4354E-02  -1.1001E+04   3.6638E+01   7.7068E+01   8.5333E+01   2.6283E+02   1.6559E-03   8.8936E+02   3.2130E+01   5.4571E+01   2.3805E+02
 4.0871E-03   1.3720E-02   1.5461E-02  -1.1389E+04   3.9596E+01   7.6395E+01   8.6047E+01   2.6288E+02   1.6976E-03   9.0376E+02   3.5142E+01   5.4901E+01   2.4397E+02
 4.7390E-03   1.4696E-02   1.6635E-02  -1.1744E+04   4.2526E+01   7.5447E+01   8.6607E+01   2.6293E+02   1.7350E-03   9.1564E+02   3.8109E+01   5.4859E+01   2.4928E+02
 5.4682E-03   1.5703E-02   1.7878E-02  -1.2060E+04   4.5391E+01   7.4222E+01   8.7001E+01   2.6298E+02   1.7678E-03   9.2486E+02   4.0970E+01   5.4436E+01   2.5392E+02
 6.2804E-03   1.6739E-02   1.9195E-02  -1.2333E+04   4.8153E+01   7.2718E+01   8.7216E+01   2.6304E+02   1.7955E-03   9.3123E+02   4.3668E+01   5.3631E+01   2.5783E+02
 7.1823E-03   1.7803E-02   2.0590E-02  -1.2560E+04   5.0782E+01   7.0962E+01   8.7261E+01   2.6310E+02   1.8182E-03   9.3496E+02   4.6166E+01   5.2470E+01   2.6102E+02
 8.1794E-03   1.8893E-02   2.2068E-02  -1.2741E+04   5.3196E+01   6.8880E+01   8.7031E+01   2.6317E+02   1.8357E-03   9.3482E+02   4.8362E+01   5.0913E+01   2.6346E+02
 9.2783E-03   2.0005E-02   2.3632E-02  -1.2875E+04   5.5355E+01   6.6469E+01   8.6500E+01   2.6327E+02   1.8479E-03   9.3058E+02   5.0198E+01   4.8984E+01   2.6512E+02
 1.0486E-02   2.1139E-02   2.5288E-02  -1.2963E+04   5.7230E+01   6.3737E+01   8.5660E+01   2.6338E+02   1.8548E-03   9.2218E+02   5.1633E+01   4.6716E+01   2.6601E+02
 1.1807E-02   2.2289E-02   2.7040E-02  -1.3001E+04   5.8796E+01   6.0701E+01   8.4508E+01   2.6351E+02   1.8561E-03   9.0966E+02   5.2627E+01   4.4150E+01   2.6608E+02
 1.3249E-02   2.3452E-02   2.8894E-02  -1.2985E+04   6.0020E+01   5.7381E+01   8.3037E+01   2.6366E+02   1.8515E-03   8.9306E+02   5.3149E+01   4.1324E+01   2.6531E+02
 1.4820E-02   2.4626E-02   3.0855E-02  -1.2912E+04   6.0855E+01   5.3786E+01   8.1218E+01   2.6383E+02   1.8409E-03   8.7224E+02   5.3156E+01   3.8264E+01   2.6365E+02
 1.6525E-02   2.5806E-02   3.2929E-02  -1.2771E+04   6.1231E+01   4.9929E+01   7.9007E+01   2.6402E+02   1.8236E-03   8.4696E+02   5.2583E+01   3.5009E+01   2.6102E+02
 1.8372E-02   2.6987E-02   3.5121E-02  -1.2553E+04   6.1091E+01   4.5865E+01   7.6392E+01   2.6422E+02   1.7986E-03   8.1717E+02   5.1377E+01   3.1635E+01   2.5728E+02
 2.0364E-02   2.8167E-02   3.7437E-02  -1.2261E+04   6.0425E+01   4.1696E+01   7.3415E+01   2.6444E+02   1.7654E-03   7.8331E+02   4.9551E+01   2.8249E+01   2.5235E+02
 2.2510E-02   2.9345E-02   3.9885E-02  -1.1907E+04   5.9285E+01   3.7563E+01   7.0184E+01   2.6467E+02   1.7240E-03   7.4645E+02   4.7200E+01   2.4979E+01   2.4627E+02
 2.4812E-02   3.0521E-02   4.2470E-02  -1.1511E+04   5.7805E+01   3.3639E+01   6.6880E+01   2.6490E+02   1.6760E-03   7.0863E+02   4.4519E+01   2.1972E+01   2.3927E+02
 2.7274E-02   3.1698E-02   4.5199E-02  -1.1098E+04   5.6223E+01   3.0119E+01   6.3782E+01   2.6509E+02   1.6247E-03   6.7302E+02   4.1802E+01   1.9380E+01   2.3182E+02
 2.9900E-02   3.2882E-02   4.8080E-02  -1.0705E+04   5.4958E+01   2.7240E+01   6.1338E+01   2.6522E+02   1.5762E-03   6.4442E+02   3.9510E+01   1.7369E+01   2.2482E+02
 3.2693E-02   3.4079E-02   5.1119E-02  -1.0388E+04   5.4241E+01   2.5001E+01   5.9726E+01   2.6529E+02   1.5367E-03   6.2476E+02   3.7935E+01   1.5853E+01   2.1916E+02
 3.5662E-02   3.5287E-02   5.4324E-02  -1.0138E+04   5.3969E+01   2.3205E+01   5.8746E+01   2.6532E+02   1.5075E-03   6.1246E+02   3.6979E+01   1.4652E+01   2.1499E+02
 3.8813E-02   3.6500E-02   5.7702E-02  -9.9095E+03   5.3919E+01   2.1672E+01   5.8111E+01   2.6532E+02   1.4858E-03   6.0483E+02   3.6385E+01   1.3632E+01   2.1191E+02
 4.2160E-02   3.7717E-02   6.1263E-02  -9.6826E+03   5.3910E+01   2.0283E+01   5.7599E+01   2.6531E+02   1.4678E-03   5.9917E+02   3.5930E+01   1.2695E+01   2.0936E+02
 4.5712E-02   3.8934E-02   6.5018E-02  -9.4546E+03   5.3835E+01   1.8970E+01   5.7080E+01   2.6530E+02   1.4505E-03   5.9346E+02   3.5468E+01   1.1785E+01   2.0691E+02
 4.9476E-02   4.0145E-02   6.8972E-02  -9.2250E+03   5.3630E+01   1.7696E+01   5.6474E+01   2.6531E+02   1.4323E-03   5.8652E+02   3.4915E+01   1.0883E+01   2.0432E+02
 5.3455E-02   4.1344E-02   7.3128E-02  -8.9910E+03   5.3259E+01   1.6442E+01   5.5740E+01   2.6533E+02   1.4124E-03   5.7791E+02   3.4231E+01   9.9858E+00   2.0148E+02
 5.7657E-02   4.2529E-02   7.7494E-02  -8.7499E+03   5.2714E+01   1.5208E+01   5.4864E+01   2.6537E+02   1.3906E-03   5.6765E+02   3.3406E+01   9.1029E+00   1.9836E+02
 6.2092E-02   4.3696E-02   8.2080E-02  -8.5011E+03   5.2006E+01   1.4001E+01   5.3858E+01   2.6541E+02   1.3672E-03   5.5602E+02   3.2456E+01   8.2490E+00   1.9500E+02
 6.6770E-02   4.4843E-02   8.6896E-02  -8.2456E+03   5.1167E+01   1.2839E+01   5.2753E+01   2.6547E+02   1.3424E-03   5.4347E+02   3.1413E+01   7.4408E+00   1.9145E+02
 7.1698E-02   4.5970E-02   9.1952E-02  -7.9858E+03   5.0237E+01   1.1741E+01   5.1591E+01   2.6552E+02   1.3169E-03   5.3053E+02   3.0318E+01   6.6945E+00   1.8780E+02
 7.6885E-02   4.7076E-02   9.7256E-02  -7.7257E+03   4.9274E+01   1.0729E+01   5.0428E+01   2.6558E+02   1.2913E-03   5.1777E+02   2.9220E+01   6.0244E+00   1.8413E+02
 8.2339E-02   4.8164E-02   1.0282E-01  -7.4716E+03   4.8349E+01   9.8256E+00   4.9338E+01   2.6563E+02   1.2665E-03   5.0585E+02   2.8179E+01   5.4438E+00   1.8058E+02
 8.8064E-02   4.9237E-02   1.0864E-01  -7.2337E+03   4.7584E+01   9.0592E+00   4.8438E+01   2.6567E+02   1.2438E-03   4.9572E+02   2.7291E+01   4.9674E+00   1.7735E+02
 9.4061E-02   5.0297E-02   1.1473E-01  -7.0284E+03   4.7022E+01   8.4093E+00   4.7768E+01   2.6569E+02   1.2239E-03   4.8733E+02   2.6588E+01   4.5641E+00   1.7451E+02
 1.0034E-01   5.1341E-02   1.2110E-01  -6.8541E+03   4.6584E+01   7.8184E+00   4.7236E+01   2.6571E+02   1.2061E-03   4.7970E+02   2.6004E+01   4.1913E+00   1.7197E+02
 1.0691E-01   5.2365E-02   1.2775E-01  -6.6941E+03   4.6175E+01   7.2496E+00   4.6740E+01   2.6574E+02   1.1893E-03   4.7219E+02   2.5464E+01   3.8339E+00   1.6957E+02
 1.1379E-01   5.3362E-02   1.3469E-01  -6.5407E+03   4.5742E+01   6.6879E+00   4.6228E+01   2.6578E+02   1.1729E-03   4.6446E+02   2.4925E+01   3.4857E+00   1.6724E+02
 1.2096E-01   5.4326E-02   1.4193E-01  -6.3921E+03   4.5271E+01   6.1299E+00   4.5684E+01   2.6582E+02   1.1568E-03   4.5647E+02   2.4376E+01   3.1463E+00   1.6494E+02
 1.2844E-01   5.5251E-02   1.4947E-01  -6.2475E+03   4.4764E+01   5.5760E+00   4.5110E+01   2.6586E+02   1.1410E-03   4.4833E+02   2.3817E+01   2.8174E+00   1.6267E+02
 1.3624E-01   5.6130E-02   1.5732E-01  -6.1053E+03   4.4225E+01   5.0291E+00   4.4510E+01   2.6591E+02   1.1253E-03   4.4014E+02   2.3251E+01   2.5003E+00   1.6043E+02
 1.4435E-01   5.6958E-02   1.6547E-01  -5.9646E+03   4.3658E+01   4.4924E+00   4.3889E+01   2.6596E+02   1.1099E-03   4.3196E+02   2.2681E+01   2.1967E+00   1.5822E+02
 1.5279E-01   5.7730E-02   1.7394E-01  -5.8249E+03   4.3071E+01   3.9698E+00   4.3253E+01   2.6601E+02   1.0946E-03   4.2385E+02   2.2108E+01   1.9078E+00   1.5602E+02
 1.6155E-01   5.8440E-02   1.8273E-01  -5.6860E+03   4.2470E+01   3.4646E+00   4.2611E+01   2.6606E+02   1.0794E-03   4.1589E+02   2.1538E+01   1.6352E+00   1.5385E+02
 1.7063E-01   5.9082E-02   1.9184E-01  -5.5486E+03   4.1866E+01   2.9807E+00   4.1972E+01   2.6611E+02   1.0644E-03   4.0813E+02   2.0978E+01   1.3800E+00   1.5171E+02
 1.8003E-01   5.9654E-02   2.0125E-01  -5.4137E+03   4.1273E+01   2.5213E+00   4.1350E+01   2.6616E+02   1.0498E-03   4.0066E+02   2.0435E+01   1.1435E+00   1.4962E+02
 1.8974E-01   6.0151E-02   2.1098E-01  -5.2827E+03   4.0707E+01   2.0888E+00   4.0761E+01   2.6620E+02   1.0358E-03   3.9360E+02   1.9922E+01   9.2627E-01   1.4761E+02
 1.9978E-01   6.0571E-02   2.2103E-01  -5.1586E+03   4.0202E+01   1.6856E+00   4.0238E+01   2.6624E+02   1.0226E-03   3.8718E+02   1.9460E+01   7.2906E-01   1.4574E+02
 2.1012E-01   6.0913E-02   2.3138E-01  -5.0462E+03   3.9798E+01   1.3084E+00   3.9820E+01   2.6628E+02   1.0110E-03   3.8164E+02   1.9077E+01   5.4744E-01   1.4408E+02
 2.2077E-01   6.1168E-02   2.4203E-01  -4.9501E+03   3.9465E+01   9.3285E-01   3.9476E+01   2.6631E+02   1.0007E-03   3.7657E+02   1.8752E+01   3.6396E-01   1.4261E+02
 2.3172E-01   6.1325E-02   2.5298E-01  -4.8624E+03   3.9146E+01   5.4211E-01   3.9150E+01   2.6634E+02   9.9113E-04   3.7163E+02   1.8448E+01   1.7327E-01   1.4124E+02
 2.4296E-01   6.1369E-02   2.6422E-01  -4.7763E+03   3.8799E+01   1.3031E-01   3.8799E+01   2.6638E+02   9.8165E-04   3.6659E+02   1.8135E+01  -2.5157E-02   1.3988E+02
 2.5447E-01   6.1286E-02   2.7573E-01  -4.6889E+03   3.8401E+01  -3.0344E-01   3.8402E+01   2.6642E+02   9.7189E-04   3.6132E+02   1.7796E+01  -2.3070E-01   1.3849E+02
 2.6624E-01   6.1059E-02   2.8750E-01  -4.5978E+03   3.7939E+01  -7.5823E-01   3.7946E+01   2.6646E+02   9.6157E-04   3.5576E+02   1.7422E+01  -4.4202E-01   1.3701E+02
 2.7827E-01   6.0674E-02   2.9953E-01  -4.5003E+03   3.7397E+01  -1.2316E+00   3.7417E+01   2.6651E+02   9.5037E-04   3.4983E+02   1.7001E+01  -6.5706E-01   1.3541E+02
 2.9052E-01   6.0112E-02   3.1180E-01  -4.3935E+03   3.6759E+01  -1.7195E+00   3.6799E+01   2.6656E+02   9.3799E-04   3.4345E+02   1.6524E+01  -8.7283E-01   1.3363E+02
 3.0299E-01   5.9359E-02   3.2429E-01  -4.2746E+03   3.6002E+01  -2.2155E+00   3.6070E+01   2.6661E+02   9.2401E-04   3.3647E+02   1.5976E+01  -1.0851E+00   1.3163E+02
 3.1564E-01   5.8397E-02   3.3699E-01  -4.1399E+03   3.5099E+01  -2.7110E+00   3.5203E+01   2.6667E+02   9.0796E-04   3.2873E+02   1.5342E+01  -1.2884E+00   1.2934E+02
 3.2847E-01   5.7211E-02   3.4986E-01  -3.9854E+03   3.4015E+01  -3.1922E+00   3.4164E+01   2.6673E+02   8.8928E-04   3.2004E+02   1.4606E+01  -1.4736E+00   1.2667E+02
 3.4143E-01   5.5790E-02   3.6291E-01  -3.8076E+03   3.2746E+01  -3.6376E+00   3.2948E+01   2.6679E+02   8.6769E-04   3.1042E+02   1.3767E+01  -1.6286E+00   1.2358E+02
 3.5452E-01   5.4125E-02   3.7610E-01  -3.6077E+03   3.1293E+01  -4.0302E+00   3.1551E+01   2.6685E+02   8.4304E-04   2.9986E+02   1.2835E+01  -1.7471E+00   1.2007E+02
 3.6769E-01   5.2211E-02   3.8941E-01  -3.3863E+03   2.9639E+01  -4.3535E+00   2.9957E+01   2.6692E+02   8.1499E-04   2.8822E+02   1.1809E+01  -1.8227E+00   1.1606E+02
 3.8092E-01   5.0045E-02   4.0282E-01  -3.1417E+03   2.7742E+01  -4.5855E+00   2.8118E+01   2.6700E+02   7.8283E-04   2.7517E+02   1.0679E+01  -1.8471E+00   1.1148E+02
 3.9419E-01   4.7625E-02   4.1630E-01  -2.8717E+03   2.5515E+01  -4.6937E+00   2.5943E+01   2.6709E+02   7.4520E-04   2.6006E+02   9.4162E+00  -1.8071E+00   1.0611E+02
 4.0746E-01   4.4961E-02   4.2984E-01  -2.5728E+03   2.2963E+01  -4.6330E+00   2.3425E+01   2.6719E+02   7.0185E-04   2.4324E+02   8.0517E+00  -1.6874E+00   9.9927E+01
 4.2071E-01   4.2086E-02   4.4340E-01  -2.2577E+03   2.0261E+01  -4.3969E+00   2.0732E+01   2.6728E+02   6.5476E-04   2.2604E+02   6.6967E+00  -1.5013E+00   9.3216E+01
 4.3393E-01   3.9047E-02   4.5697E-01  -1.9499E+03   1.7584E+01  -4.0261E+00   1.8039E+01   2.6735E+02   6.0604E-04   2.0923E+02   5.4426E+00  -1.2824E+00   8.6275E+01
 4.4710E-01   3.5891E-02   4.7051E-01  -1.6614E+03   1.5038E+01  -3.5700E+00   1.5456E+01   2.6741E+02   5.5729E-04   1.9329E+02   4.3353E+00  -1.0570E+00   7.9335E+01
 4.6020E-01   3.2660E-02   4.8400E-01  -1.3981E+03   1.2682E+01  -3.0790E+00   1.3051E+01   2.6744E+02   5.0944E-04   1.7835E+02   3.3890E+00  -8.4553E-01   7.2525E+01
 4.7322E-01   2.9377E-02   4.9742E-01  -1.1634E+03   1.0396E+01  -2.5632E+00   1.0707E+01   2.6749E+02   4.6022E-04   1.6261E+02   2.5492E+00  -6.5033E-01   6.5512E+01
 4.8612E-01   2.6046E-02   5.1075E-01  -9.5055E+02   7.9701E+00  -1.9840E+00   8.2133E+00   2.6756E+02   4.0673E-04   1.4502E+02   1.7604E+00  -4.5972E-01   5.7874E+01
 4.9889E-01   2.2673E-02   5.2395E-01  -7.5711E+02   5.5231E+00  -1.3740E+00   5.6914E+00   2.6765E+02   3.4743E-04   1.2548E+02   1.0680E+00  -2.8556E-01   4.9394E+01
 5.1150E-01   1.9274E-02   5.3702E-01  -5.9883E+02   2.4706E+00  -5.5850E-01   2.5329E+00   2.6772E+02   2.6983E-04   1.0118E+02   3.8521E-01  -1.0461E-01   3.8258E+01
 5.2395E-01   1.5888E-02   5.4992E-01  -4.4130E+02   1.8202E+00  -4.5848E-01   1.8771E+00   2.6715E+02   2.2479E-04   9.7475E+01   2.4720E-01  -6.7312E-02   3.1955E+01
 5.3624E-01   1.2600E-02   5.6264E-01  -3.7666E+02  -2.7454E+00   8.2914E-01   2.8678E+00   2.6720E+02   8.0144E-05   6.3400E+01  -2.3345E-01   6.1339E-02   1.4960E+01
 5.4833E-01   9.3637E-03   5.7516E-01  -1.3599E+02   4.5874E+00  -1.7185E+00   4.8987E+00   2.6584E+02   2.5481E-04   1.3208E+02   7.1607E-01  -1.9527E-01   3.6861E+01
 5.6014E-01   5.9326E-03   5.8746E-01  -2.5444E+02  -3.5844E-01   1.7041E-01   3.9689E-01   2.6855E+02   1.7344E-06   3.9201E+01  -2.6740E-02   8.2628E-03   5.0319E+00
 5.7189E-01   3.4639E-03   5.9951E-01   3.5146E+02   5.1692E+00  -1.9912E+00   5.5395E+00   2.6545E+02   2.9162E-04   1.5820E+02   9.2390E-01  -1.0445E-01   4.1743E+01
 5.8101E-01  -8.9034E-04   6.1036E-01  -5.7237E+01   2.5346E+00  -2.4870E+00   3.5509E+00   2.6781E+02   1.4861E-04   6.7268E+01   2.4128E-01  -2.7842E-01   2.2573E+01
