#        X=           Y=           S=           P=           U=           V=         Vel=           T=         mut=         hcv=          Ax=          Ay=       Yplus=
 9.9043E-01   1.5930E-03  -1.0152E+00   7.4477E+04   5.0866E+00  -1.6941E+00   5.3613E+00   2.7776E+02   5.2276E-05  -2.0709E+03   2.0716E+01  -6.8995E+00   3.3696E+01
 9.7090E-01   6.6968E-03  -9.9498E-01   6.3344E+04   1.1556E+00  -2.2297E-01   1.1770E+00   2.7935E+02   9.1973E-26  -2.4566E+04   3.7805E+01  -7.2941E+00   2.7081E-01
 9.5065E-01   1.0347E-02  -9.7439E-01   5.6731E+04   2.8211E-01  -3.8462E-02   2.8472E-01   2.7797E+02   2.8717E-14  -1.4602E+04   7.0330E+00  -9.5885E-01   1.4980E-01
 9.2983E-01   1.2594E-02  -9.5344E-01   4.7499E+04  -7.5430E-01   5.6579E-02   7.5641E-01   2.7773E+02   4.0527E-15  -1.9117E+04  -2.5872E+01   1.9406E+00   2.0211E-01
 9.0858E-01   1.3599E-02  -9.3215E-01   3.9633E+04  -8.7676E-01   1.7132E-02   8.7693E-01   2.7734E+02   5.9331E-15  -1.4874E+04  -2.5568E+01   4.9961E-01   2.2983E-01
 8.8700E-01   1.3525E-02  -9.1057E-01   3.1748E+04  -1.0422E+00  -2.6440E-02   1.0425E+00   2.7706E+02   1.8139E-15  -1.6567E+04  -3.6180E+01  -9.1792E-01   2.2322E-01
 8.6517E-01   1.2510E-02  -8.8871E-01   2.3311E+04  -1.0826E+00  -7.2644E-02   1.0851E+00   2.7685E+02   2.2186E-15  -1.4231E+04  -3.4132E+01  -2.2902E+00   2.3129E-01
 8.4316E-01   1.0697E-02  -8.6662E-01   1.5553E+04  -1.0647E+00  -1.0341E-01   1.0697E+00   2.7674E+02   1.2575E-15  -1.5149E+04  -3.6790E+01  -3.5733E+00   2.1238E-01
 8.2101E-01   8.2028E-03  -8.4434E-01   5.8132E+03  -1.0076E+00  -1.2908E-01   1.0159E+00   2.7664E+02   1.1730E-15  -1.4559E+04  -3.4470E+01  -4.4158E+00   1.9907E-01
 7.9879E-01   5.0643E-03  -8.2189E-01  -4.0448E+03  -7.1929E-01  -1.1053E-01   7.2773E-01   2.7668E+02   1.2810E-15  -1.4918E+04  -2.4868E+01  -3.8215E+00   1.5934E-01
 7.7652E-01   1.3939E-03  -7.9932E-01  -1.4146E+04  -2.2587E-01  -3.9931E-02   2.2938E-01   2.7674E+02   1.6035E-15  -1.5163E+04  -7.8148E+00  -1.3816E+00   7.6567E-02
 7.5426E-01  -2.7981E-03  -7.7666E-01  -2.3665E+04   9.0574E-01   1.8224E-01   9.2389E-01   2.7670E+02   2.0507E-15  -1.4932E+04   3.1187E+01   6.2749E+00   1.5744E-01
 7.3205E-01  -7.4735E-03  -7.5397E-01  -3.0853E+04   2.8950E+00   6.3729E-01   2.9643E+00   2.7650E+02   2.5365E-15  -1.4188E+04   1.0032E+02   2.2083E+01   2.7229E-01
 7.0992E-01  -1.2548E-02  -7.3127E-01  -3.6678E+04   5.3134E+00   1.2674E+00   5.4624E+00   2.7610E+02   3.4079E-15  -1.2410E+04   1.8251E+02   4.3533E+01   3.5637E-01
 6.8794E-01  -1.8069E-02  -7.0860E-01  -4.1861E+04   7.5015E+00   1.9803E+00   7.7585E+00   2.7564E+02   4.5793E-15  -1.0216E+04   2.5110E+02   6.6288E+01   4.1296E-01
 6.6612E-01  -2.3891E-02  -6.8602E-01  -4.3499E+04   8.7757E+00   2.3669E+00   9.0892E+00   2.7548E+02   4.7726E-15  -9.7997E+03   3.0102E+02   8.1189E+01   4.3548E-01
 6.4438E-01  -2.9556E-02  -6.6355E-01  -4.0061E+04   9.6862E+00   2.4356E+00   9.9877E+00   2.7558E+02   1.4024E-14  -8.8115E+03   2.8729E+02   7.2241E+01   5.0556E-01
 6.2265E-01  -3.4562E-02  -6.4124E-01  -3.1908E+04   1.0587E+01   2.2157E+00   1.0816E+01   2.7580E+02   1.0822E-14  -1.1226E+04   3.6623E+02   7.6648E+01   5.1903E-01
 6.0092E-01  -3.8657E-02  -6.1912E-01  -2.2947E+04   1.1141E+01   1.8663E+00   1.1296E+01   2.7608E+02   2.2038E-14  -1.1749E+04   3.6528E+02   6.1190E+01   5.7928E-01
 5.7928E-01  -4.1949E-02  -5.9724E-01  -1.5328E+04   1.1479E+01   1.5692E+00   1.1586E+01   2.7629E+02   2.3972E-14  -1.3178E+04   3.9432E+02   5.3903E+01   6.0059E-01
 5.5782E-01  -4.4607E-02  -5.7562E-01  -8.5668E+03   1.1776E+01   1.3063E+00   1.1848E+01   2.7648E+02   3.1465E-14  -1.3958E+04   4.0409E+02   4.4827E+01   6.3124E-01
 5.3661E-01  -4.6764E-02  -5.5429E-01  -3.1708E+03   1.1964E+01   1.1049E+00   1.2015E+01   2.7662E+02   3.6468E-14  -1.4686E+04   4.1424E+02   3.8254E+01   6.5108E-01
 5.1569E-01  -4.8536E-02  -5.3330E-01   1.4758E+03   1.2148E+01   9.3571E-01   1.2184E+01   2.7675E+02   4.2691E-14  -1.5222E+04   4.2108E+02   3.2434E+01   6.7066E-01
 4.9511E-01  -4.9991E-02  -5.1266E-01   5.5285E+03   1.2319E+01   7.9066E-01   1.2344E+01   2.7686E+02   4.8952E-14  -1.5679E+04   4.2723E+02   2.7421E+01   6.8808E-01
 4.7489E-01  -5.1182E-02  -4.9241E-01   9.0208E+03   1.2481E+01   6.6837E-01   1.2498E+01   2.7695E+02   5.5095E-14  -1.6070E+04   4.3300E+02   2.3188E+01   7.0348E-01
 4.5507E-01  -5.2159E-02  -4.7256E-01   1.1975E+04   1.2636E+01   5.6806E-01   1.2649E+01   2.7702E+02   6.0975E-14  -1.6397E+04   4.3854E+02   1.9714E+01   7.1701E-01
 4.3567E-01  -5.2962E-02  -4.5315E-01   1.4537E+04   1.2792E+01   4.8351E-01   1.2801E+01   2.7709E+02   6.6686E-14  -1.6674E+04   4.4405E+02   1.6784E+01   7.2935E-01
 4.1672E-01  -5.3615E-02  -4.3419E-01   1.6960E+04   1.2957E+01   4.0219E-01   1.2963E+01   2.7715E+02   7.2706E-14  -1.6932E+04   4.4985E+02   1.3964E+01   7.4153E-01
 3.9824E-01  -5.4129E-02  -4.1570E-01   1.9308E+04   1.3133E+01   3.2248E-01   1.3137E+01   2.7721E+02   7.9179E-14  -1.7192E+04   4.5606E+02   1.1198E+01   7.5380E-01
 3.8023E-01  -5.4514E-02  -3.9769E-01   2.1663E+04   1.3309E+01   2.4048E-01   1.3311E+01   2.7727E+02   8.6091E-14  -1.7444E+04   4.6223E+02   8.3521E+00   7.6607E-01
 3.6272E-01  -5.4772E-02  -3.8017E-01   2.4089E+04   1.3488E+01   1.5373E-01   1.3489E+01   2.7733E+02   9.3703E-14  -1.7702E+04   4.6853E+02   5.3402E+00   7.7867E-01
 3.4570E-01  -5.4910E-02  -3.6316E-01   2.6535E+04   1.3667E+01   6.4057E-02   1.3667E+01   2.7739E+02   1.0193E-13  -1.7956E+04   4.7482E+02   2.2255E+00   7.9133E-01
 3.2920E-01  -5.4940E-02  -3.4666E-01   2.8747E+04   1.3847E+01  -1.5398E-02   1.3847E+01   2.7745E+02   1.1025E-13  -1.8194E+04   4.8114E+02  -5.3503E-01   8.0330E-01
 3.1322E-01  -5.4887E-02  -3.3067E-01   3.0574E+04   1.4040E+01  -7.8669E-02   1.4040E+01   2.7749E+02   1.1849E-13  -1.8379E+04   4.8792E+02  -2.7339E+00   8.1450E-01
 2.9776E-01  -5.4774E-02  -3.1521E-01   3.2088E+04   1.4237E+01  -1.2816E-01   1.4237E+01   2.7753E+02   1.2640E-13  -1.8531E+04   4.9482E+02  -4.4545E+00   8.2485E-01
 2.8282E-01  -5.4612E-02  -3.0027E-01   3.3723E+04   1.4450E+01  -1.8485E-01   1.4451E+01   2.7757E+02   1.3527E-13  -1.8693E+04   5.0227E+02  -6.4254E+00   8.3603E-01
 2.6840E-01  -5.4392E-02  -2.8585E-01   3.5776E+04   1.4671E+01  -2.6177E-01   1.4674E+01   2.7761E+02   1.4601E-13  -1.8895E+04   5.1004E+02  -9.1002E+00   8.4876E-01
 2.5450E-01  -5.4102E-02  -2.7194E-01   3.8193E+04   1.4890E+01  -3.5765E-01   1.4894E+01   2.7767E+02   1.5857E-13  -1.9129E+04   5.1772E+02  -1.2435E+01   8.6254E-01
 2.4112E-01  -5.3737E-02  -2.5856E-01   4.0653E+04   1.5097E+01  -4.6059E-01   1.5104E+01   2.7773E+02   1.7198E-13  -1.9368E+04   5.2498E+02  -1.6017E+01   8.7613E-01
 2.2824E-01  -5.3312E-02  -2.4568E-01   4.2652E+04   1.5307E+01  -5.4603E-01   1.5317E+01   2.7777E+02   1.8498E-13  -1.9557E+04   5.3238E+02  -1.8991E+01   8.8841E-01
 2.1588E-01  -5.2848E-02  -2.3330E-01   4.4066E+04   1.5538E+01  -6.1220E-01   1.5550E+01   2.7780E+02   1.9722E-13  -1.9699E+04   5.4045E+02  -2.1294E+01   8.9947E-01
 2.0400E-01  -5.2366E-02  -2.2142E-01   4.5001E+04   1.5775E+01  -6.6014E-01   1.5789E+01   2.7783E+02   2.0823E-13  -1.9792E+04   5.4875E+02  -2.2963E+01   9.0924E-01
 1.9262E-01  -5.1874E-02  -2.1002E-01   4.6053E+04   1.6028E+01  -7.1521E-01   1.6044E+01   2.7785E+02   2.1998E-13  -1.9887E+04   5.5757E+02  -2.4880E+01   9.1982E-01
 1.8171E-01  -5.1352E-02  -1.9910E-01   4.8616E+04   1.6317E+01  -8.3717E-01   1.6339E+01   2.7790E+02   2.3959E-13  -2.0110E+04   5.6769E+02  -2.9126E+01   9.3617E-01
 1.7127E-01  -5.0765E-02  -1.8864E-01   5.2512E+04   1.6600E+01  -1.0159E+00   1.6631E+01   2.7799E+02   2.6746E-13  -2.0484E+04   5.7769E+02  -3.5355E+01   9.5653E-01
 1.6128E-01  -5.0114E-02  -1.7864E-01   5.6094E+04   1.6796E+01  -1.1670E+00   1.6837E+01   2.7806E+02   2.9330E-13  -2.0795E+04   5.8463E+02  -4.0622E+01   9.7344E-01
 1.5174E-01  -4.9426E-02  -1.6907E-01   5.8792E+04   1.7021E+01  -1.2725E+00   1.7069E+01   2.7813E+02   3.1742E-13  -2.1063E+04   5.9258E+02  -4.4301E+01   9.8834E-01
 1.4263E-01  -4.8725E-02  -1.5993E-01   6.1226E+04   1.7249E+01  -1.3683E+00   1.7303E+01   2.7818E+02   3.4113E-13  -2.1277E+04   6.0059E+02  -4.7643E+01   1.0025E+00
 1.3394E-01  -4.8006E-02  -1.5121E-01   6.4393E+04   1.7508E+01  -1.5116E+00   1.7573E+01   2.7824E+02   3.7167E-13  -2.1552E+04   6.0972E+02  -5.2643E+01   1.0200E+00
 1.2565E-01  -4.7252E-02  -1.4289E-01   6.8382E+04   1.7762E+01  -1.6994E+00   1.7843E+01   2.7834E+02   4.1013E-13  -2.1947E+04   6.1874E+02  -5.9201E+01   1.0399E+00
 1.1776E-01  -4.6459E-02  -1.3496E-01   7.2514E+04   1.7954E+01  -1.8985E+00   1.8054E+01   2.7842E+02   4.4985E-13  -2.2309E+04   6.2559E+02  -6.6150E+01   1.0585E+00
 1.1025E-01  -4.5631E-02  -1.2741E-01   7.6136E+04   1.8133E+01  -2.0835E+00   1.8252E+01   2.7850E+02   4.8866E-13  -2.2644E+04   6.3197E+02  -7.2611E+01   1.0751E+00
 1.0311E-01  -4.4782E-02  -1.2021E-01   7.9171E+04   1.8339E+01  -2.2578E+00   1.8477E+01   2.7857E+02   5.2672E-13  -2.2959E+04   6.3927E+02  -7.8705E+01   1.0907E+00
 9.6318E-02  -4.3920E-02  -1.1337E-01   8.1829E+04   1.8557E+01  -2.4288E+00   1.8715E+01   2.7864E+02   5.6495E-13  -2.3246E+04   6.4700E+02  -8.4682E+01   1.1056E+00
 8.9866E-02  -4.3048E-02  -1.0686E-01   8.4633E+04   1.8797E+01  -2.6229E+00   1.8980E+01   2.7871E+02   6.0764E-13  -2.3554E+04   6.5552E+02  -9.1466E+01   1.1217E+00
 8.3741E-02  -4.2165E-02  -1.0067E-01   8.7808E+04   1.9041E+01  -2.8400E+00   1.9251E+01   2.7880E+02   6.5655E-13  -2.3910E+04   6.6416E+02  -9.9062E+01   1.1391E+00
 7.7929E-02  -4.1268E-02  -9.4786E-02   9.1360E+04   1.9283E+01  -3.0780E+00   1.9528E+01   2.7889E+02   7.1222E-13  -2.4313E+04   6.7281E+02  -1.0739E+02   1.1576E+00
 7.2419E-02  -4.0358E-02  -8.9201E-02   9.5334E+04   1.9520E+01  -3.3362E+00   1.9803E+01   2.7900E+02   7.7522E-13  -2.4759E+04   6.8126E+02  -1.1644E+02   1.1774E+00
 6.7198E-02  -3.9433E-02  -8.3898E-02   1.0002E+05   1.9728E+01  -3.6261E+00   2.0058E+01   2.7911E+02   8.4708E-13  -2.5244E+04   6.8873E+02  -1.2660E+02   1.1987E+00
 6.2257E-02  -3.8490E-02  -7.8868E-02   1.0544E+05   1.9889E+01  -3.9457E+00   2.0277E+01   2.7924E+02   9.2837E-13  -2.5784E+04   6.9464E+02  -1.3780E+02   1.2209E+00
 5.7584E-02  -3.7527E-02  -7.4097E-02   1.1140E+05   2.0015E+01  -4.2893E+00   2.0470E+01   2.7938E+02   1.0193E-12  -2.6378E+04   6.9931E+02  -1.4986E+02   1.2438E+00
 5.3167E-02  -3.6544E-02  -6.9572E-02   1.1769E+05   2.0095E+01  -4.6474E+00   2.0625E+01   2.7953E+02   1.1177E-12  -2.6998E+04   7.0239E+02  -1.6244E+02   1.2664E+00
 4.8996E-02  -3.5543E-02  -6.5283E-02   1.2401E+05   2.0144E+01  -5.0149E+00   2.0759E+01   2.7968E+02   1.2229E-12  -2.7635E+04   7.0440E+02  -1.7536E+02   1.2882E+00
 4.5062E-02  -3.4531E-02  -6.1220E-02   1.2976E+05   2.0188E+01  -5.3750E+00   2.0892E+01   2.7983E+02   1.3288E-12  -2.8260E+04   7.0623E+02  -1.8803E+02   1.3081E+00
 4.1351E-02  -3.3513E-02  -5.7372E-02   1.3461E+05   2.0261E+01  -5.7241E+00   2.1055E+01   2.7996E+02   1.4327E-12  -2.8838E+04   7.0906E+02  -2.0032E+02   1.3264E+00
 3.7851E-02  -3.2498E-02  -5.3728E-02   1.3858E+05   2.0384E+01  -6.0725E+00   2.1270E+01   2.8008E+02   1.5333E-12  -2.9352E+04   7.1361E+02  -2.1258E+02   1.3439E+00
 3.4553E-02  -3.1488E-02  -5.0278E-02   1.4273E+05   2.0600E+01  -6.4941E+00   2.1599E+01   2.8021E+02   1.6536E-12  -2.9902E+04   7.2140E+02  -2.2742E+02   1.3655E+00
 3.1449E-02  -3.0476E-02  -4.7013E-02   1.4882E+05   2.0767E+01  -7.0163E+00   2.1920E+01   2.8037E+02   1.8035E-12  -3.0547E+04   7.2758E+02  -2.4582E+02   1.3920E+00
 2.8535E-02  -2.9452E-02  -4.3925E-02   1.5710E+05   2.0809E+01  -7.6054E+00   2.2155E+01   2.8055E+02   1.9864E-12  -3.1338E+04   7.2946E+02  -2.6661E+02   1.4217E+00
 2.5805E-02  -2.8413E-02  -4.1003E-02   1.6719E+05   2.0721E+01  -8.2280E+00   2.2295E+01   2.8076E+02   2.1989E-12  -3.2233E+04   7.2682E+02  -2.8861E+02   1.4529E+00
 2.3252E-02  -2.7355E-02  -3.8239E-02   1.7872E+05   2.0494E+01  -8.8575E+00   2.2326E+01   2.8099E+02   2.4301E-12  -3.3190E+04   7.1934E+02  -3.1090E+02   1.4839E+00
 2.0871E-02  -2.6281E-02  -3.5627E-02   1.9137E+05   2.0134E+01  -9.4852E+00   2.2256E+01   2.8123E+02   2.6706E-12  -3.4197E+04   7.0717E+02  -3.3315E+02   1.5136E+00
 1.8655E-02  -2.5193E-02  -3.3157E-02   2.0476E+05   1.9644E+01  -1.0078E+01   2.2078E+01   2.8147E+02   2.9090E-12  -3.5213E+04   6.9044E+02  -3.5421E+02   1.5406E+00
 1.6596E-02  -2.4092E-02  -3.0823E-02   2.1830E+05   1.9047E+01  -1.0624E+01   2.1809E+01   2.8170E+02   3.1340E-12  -3.6204E+04   6.6988E+02  -3.7364E+02   1.5637E+00
 1.4690E-02  -2.2984E-02  -2.8618E-02   2.3123E+05   1.8382E+01  -1.1144E+01   2.1496E+01   2.8192E+02   3.3396E-12  -3.7130E+04   6.4689E+02  -3.9217E+02   1.5825E+00
 1.2928E-02  -2.1873E-02  -2.6534E-02   2.4285E+05   1.7726E+01  -1.1650E+01   2.1211E+01   2.8211E+02   3.5094E-12  -3.7919E+04   6.2413E+02  -4.1020E+02   1.5984E+00
 1.1305E-02  -2.0760E-02  -2.4566E-02   2.5410E+05   1.7110E+01  -1.2265E+01   2.1052E+01   2.8228E+02   3.6569E-12  -3.8621E+04   6.0258E+02  -4.3194E+02   1.6177E+00
 9.8217E-03  -1.9640E-02  -2.2707E-02   2.6821E+05   1.6320E+01  -1.2996E+01   2.0862E+01   2.8246E+02   3.7698E-12  -3.9427E+04   5.7519E+02  -4.5801E+02   1.6410E+00
 8.4811E-03  -1.8508E-02  -2.0951E-02   2.8624E+05   1.5150E+01  -1.3602E+01   2.0360E+01   2.8268E+02   3.8084E-12  -4.0365E+04   5.3444E+02  -4.7981E+02   1.6589E+00
 7.2838E-03  -1.7363E-02  -1.9294E-02   3.0668E+05   1.3619E+01  -1.3922E+01   1.9476E+01   2.8288E+02   3.7096E-12  -4.1213E+04   4.8063E+02  -4.9132E+02   1.6640E+00
 6.2248E-03  -1.6212E-02  -1.7729E-02   3.2895E+05   1.1912E+01  -1.3820E+01   1.8245E+01   2.8305E+02   3.4494E-12  -4.1886E+04   4.2044E+02  -4.8782E+02   1.6534E+00
 5.2926E-03  -1.5066E-02  -1.6251E-02   3.4986E+05   1.0140E+01  -1.3243E+01   1.6679E+01   2.8316E+02   3.0196E-12  -4.2365E+04   3.5808E+02  -4.6764E+02   1.6183E+00
 4.4745E-03  -1.3938E-02  -1.4857E-02   3.6874E+05   8.5227E+00  -1.2464E+01   1.5099E+01   2.8321E+02   2.5328E-12  -4.2597E+04   3.0102E+02  -4.4022E+02   1.5714E+00
 3.7589E-03  -1.2834E-02  -1.3541E-02   3.8547E+05   7.0753E+00  -1.1562E+01   1.3555E+01   2.8325E+02   2.0555E-12  -4.2743E+04   2.4993E+02  -4.0840E+02   1.5150E+00
 3.1350E-03  -1.1760E-02  -1.2299E-02   4.0002E+05   5.8208E+00  -1.0584E+01   1.2079E+01   2.8327E+02   1.6254E-12  -4.2852E+04   2.0563E+02  -3.7390E+02   1.4513E+00
 2.5936E-03  -1.0722E-02  -1.1127E-02   4.1255E+05   4.7225E+00  -9.5935E+00   1.0693E+01   2.8331E+02   1.2668E-12  -4.2993E+04   1.6684E+02  -3.3893E+02   1.3823E+00
 2.1256E-03  -9.7203E-03  -1.0022E-02   4.2316E+05   3.7808E+00  -8.5708E+00   9.3677E+00   2.8332E+02   9.6534E-13  -4.3061E+04   1.3358E+02  -3.0281E+02   1.3071E+00
 1.7233E-03  -8.7580E-03  -8.9784E-03   4.3204E+05   2.9841E+00  -7.5585E+00   8.1263E+00   2.8335E+02   7.3178E-13  -4.3170E+04   1.0544E+02  -2.6706E+02   1.2276E+00
 1.3798E-03  -7.8366E-03  -7.9950E-03   4.3934E+05   2.3078E+00  -6.5844E+00   6.9771E+00   2.8341E+02   5.6438E-13  -4.3438E+04   8.1555E+01  -2.3268E+02   1.1451E+00
 1.0885E-03  -6.9558E-03  -7.0671E-03   4.4526E+05   1.7463E+00  -5.6367E+00   5.9010E+00   2.8351E+02   4.4715E-13  -4.3839E+04   6.1728E+01  -1.9924E+02   1.0585E+00
 8.4334E-04  -6.1152E-03  -6.1913E-03   4.4993E+05   1.2842E+00  -4.7102E+00   4.8821E+00   2.8362E+02   3.6648E-13  -4.4317E+04   4.5406E+01  -1.6654E+02   9.6660E-01
 6.3945E-04  -5.3154E-03  -5.3658E-03   4.5352E+05   9.0259E-01  -3.8055E+00   3.9110E+00   2.8374E+02   3.1252E-13  -4.4829E+04   3.1924E+01  -1.3460E+02   8.6764E-01
 4.7202E-04  -4.5556E-03  -4.5878E-03   4.5616E+05   5.9367E-01  -2.9202E+00   2.9799E+00   2.8386E+02   2.7757E-13  -4.5318E+04   2.1004E+01  -1.0332E+02   7.5888E-01
 3.3655E-04  -3.8344E-03  -3.8538E-03   4.5798E+05   3.5204E-01  -2.0522E+00   2.0822E+00   2.8395E+02   2.5569E-13  -4.5725E+04   1.2458E+01  -7.2625E+01   6.3520E-01
 2.2911E-04  -3.1501E-03  -3.1611E-03   4.5909E+05   1.7157E-01  -1.2072E+00   1.2194E+00   2.8402E+02   2.4310E-13  -4.6000E+04   6.0728E+00  -4.2731E+01   4.8648E-01
 1.4634E-04  -2.5024E-03  -2.5080E-03   4.5960E+05   4.4796E-02  -3.9032E-01   3.9288E-01   2.8405E+02   2.3747E-13  -4.6132E+04   1.5857E+00  -1.3816E+01   2.7624E-01
 8.5103E-05  -1.8904E-03  -1.8929E-03   4.5958E+05  -3.2407E-02   3.8197E-01   3.8334E-01   2.8407E+02   2.3996E-13  -4.6205E+04  -1.1472E+00   1.3521E+01   2.7285E-01
 4.2495E-05  -1.3122E-03  -1.3131E-03   4.5915E+05  -6.7138E-02   1.1164E+00   1.1184E+00   2.8407E+02   2.4826E-13  -4.6216E+04  -2.3766E+00   3.9519E+01   4.6586E-01
 1.5946E-05  -7.6614E-04  -7.6636E-04   4.5834E+05  -7.3497E-02   1.8262E+00   1.8277E+00   2.8406E+02   2.6209E-13  -4.6198E+04  -2.6017E+00   6.4645E+01   5.9511E-01
 3.1924E-06  -2.5046E-04  -2.5048E-04   4.5720E+05  -4.1701E-02   2.4809E+00   2.4813E+00   2.8396E+02   2.7191E-13  -4.5767E+04  -1.4757E+00   8.7797E+01   6.9291E-01
 2.5152E-06   2.5046E-04   2.5048E-04   4.5577E+05   4.4856E-02   3.0840E+00   3.0843E+00   2.8383E+02   2.8001E-13  -4.5219E+04   1.5868E+00   1.0910E+02   7.7186E-01
 1.3872E-05   7.6615E-04   7.6632E-04   4.5401E+05   1.4106E-01   3.7082E+00   3.7109E+00   2.8377E+02   3.0322E-13  -4.4935E+04   4.9891E+00   1.3116E+02   8.4547E-01
 3.8935E-05   1.3122E-03   1.3130E-03   4.5179E+05   2.5403E-01   4.3774E+00   4.3848E+00   2.8371E+02   3.3954E-13  -4.4692E+04   8.9836E+00   1.5480E+02   9.1736E-01
 7.9957E-05   1.8903E-03   1.8926E-03   4.4900E+05   4.2361E-01   5.0720E+00   5.0897E+00   2.8364E+02   3.8499E-13  -4.4418E+04   1.4978E+01   1.7934E+02   9.8605E-01
 1.3950E-04   2.5024E-03   2.5076E-03   4.4561E+05   6.4175E-01   5.7912E+00   5.8266E+00   2.8357E+02   4.4477E-13  -4.4124E+04   2.2687E+01   2.0473E+02   1.0520E+00
 2.2046E-04   3.1500E-03   3.1604E-03   4.4151E+05   9.0950E-01   6.5432E+00   6.6062E+00   2.8351E+02   5.2438E-13  -4.3851E+04   3.2147E+01   2.3128E+02   1.1162E+00
 3.2595E-04   3.8342E-03   3.8527E-03   4.3663E+05   1.2354E+00   7.3294E+00   7.4328E+00   2.8345E+02   6.2923E-13  -4.3618E+04   4.3661E+01   2.5903E+02   1.1788E+00
 4.5937E-04   4.5554E-03   4.5863E-03   4.3087E+05   1.6332E+00   8.1505E+00   8.3125E+00   2.8341E+02   7.6549E-13  -4.3438E+04   5.7712E+01   2.8801E+02   1.2400E+00
 6.2463E-04   5.3151E-03   5.3638E-03   4.2412E+05   2.1112E+00   9.0107E+00   9.2547E+00   2.8339E+02   9.4124E-13  -4.3331E+04   7.4600E+01   3.1839E+02   1.3002E+00
 8.2625E-04   6.1149E-03   6.1887E-03   4.1627E+05   2.6745E+00   9.9129E+00   1.0267E+01   2.8338E+02   1.1632E-12  -4.3289E+04   9.4501E+01   3.5026E+02   1.3592E+00
 1.0690E-03   6.9553E-03   7.0637E-03   4.0718E+05   3.3276E+00   1.0836E+01   1.1335E+01   2.8335E+02   1.4232E-12  -4.3200E+04   1.1757E+02   3.8286E+02   1.4156E+00
 1.3580E-03   7.8360E-03   7.9907E-03   3.9673E+05   4.0966E+00   1.1774E+01   1.2467E+01   2.8333E+02   1.7274E-12  -4.3093E+04   1.4473E+02   4.1599E+02   1.4693E+00
 1.6991E-03   8.7571E-03   8.9731E-03   3.8479E+05   4.9937E+00   1.2726E+01   1.3671E+01   2.8331E+02   2.0787E-12  -4.2993E+04   1.7642E+02   4.4958E+02   1.5201E+00
 2.0992E-03   9.7191E-03   1.0015E-02   3.7123E+05   6.0140E+00   1.3696E+01   1.4958E+01   2.8328E+02   2.4743E-12  -4.2905E+04   2.1246E+02   4.8384E+02   1.5678E+00
 2.5652E-03   1.0720E-02   1.1119E-02   3.5588E+05   7.1870E+00   1.4644E+01   1.6312E+01   2.8325E+02   2.8890E-12  -4.2747E+04   2.5387E+02   5.1726E+02   1.6105E+00
 3.1049E-03   1.1758E-02   1.2289E-02   3.3863E+05   8.5271E+00   1.5528E+01   1.7715E+01   2.8318E+02   3.2874E-12  -4.2467E+04   3.0115E+02   5.4840E+02   1.6466E+00
 3.7278E-03   1.2830E-02   1.3530E-02   3.1935E+05   1.0002E+01   1.6337E+01   1.9156E+01   2.8308E+02   3.6352E-12  -4.2039E+04   3.5316E+02   5.7682E+02   1.6748E+00
 4.4431E-03   1.3932E-02   1.4844E-02   2.9793E+05   1.1658E+01   1.7004E+01   2.0617E+01   2.8293E+02   3.8943E-12  -4.1417E+04   4.1145E+02   6.0012E+02   1.6933E+00
 5.2620E-03   1.5057E-02   1.6236E-02   2.7430E+05   1.3441E+01   1.7464E+01   2.2038E+01   2.8273E+02   4.0055E-12  -4.0547E+04   4.7407E+02   6.1596E+02   1.6991E+00
 6.1964E-03   1.6197E-02   1.7711E-02   2.4864E+05   1.5360E+01   1.7675E+01   2.3416E+01   2.8247E+02   3.9760E-12  -3.9453E+04   5.4126E+02   6.2285E+02   1.6918E+00
 7.2594E-03   1.7341E-02   1.9273E-02   2.2167E+05   1.7111E+01   1.7283E+01   2.4321E+01   2.8210E+02   3.6392E-12  -3.7873E+04   6.0251E+02   6.0857E+02   1.6578E+00
 8.4627E-03   1.8476E-02   2.0928E-02   1.9623E+05   1.8667E+01   1.6475E+01   2.4897E+01   2.8172E+02   3.2416E-12  -3.6289E+04   6.5678E+02   5.7969E+02   1.6114E+00
 9.8121E-03   1.9592E-02   2.2680E-02   1.7386E+05   1.9801E+01   1.5398E+01   2.5083E+01   2.8136E+02   2.8249E-12  -3.4756E+04   6.9578E+02   5.4106E+02   1.5571E+00
 1.1307E-02   2.0689E-02   2.4535E-02   1.5597E+05   2.0448E+01   1.4192E+01   2.4890E+01   2.8104E+02   2.4349E-12  -3.3406E+04   7.1773E+02   4.9814E+02   1.5013E+00
 1.2946E-02   2.1772E-02   2.6500E-02   1.4277E+05   2.0800E+01   1.3096E+01   2.4579E+01   2.8079E+02   2.1211E-12  -3.2334E+04   7.2973E+02   4.5945E+02   1.4539E+00
 1.4728E-02   2.2842E-02   2.8579E-02   1.3116E+05   2.1100E+01   1.2118E+01   2.4333E+01   2.8054E+02   1.8475E-12  -3.1302E+04   7.3975E+02   4.2486E+02   1.4127E+00
 1.6657E-02   2.3899E-02   3.0779E-02   1.1985E+05   2.1336E+01   1.1162E+01   2.4080E+01   2.8029E+02   1.5929E-12  -3.0225E+04   7.4748E+02   3.9106E+02   1.3716E+00
 1.8740E-02   2.4940E-02   3.3108E-02   1.0909E+05   2.1468E+01   1.0244E+01   2.3787E+01   2.8004E+02   1.3681E-12  -2.9158E+04   7.5157E+02   3.5862E+02   1.3306E+00
 2.0982E-02   2.5961E-02   3.5572E-02   9.9206E+04   2.1495E+01   9.3644E+00   2.3446E+01   2.7980E+02   1.1755E-12  -2.8138E+04   7.5196E+02   3.2759E+02   1.2904E+00
 2.3387E-02   2.6963E-02   3.8177E-02   9.0457E+04   2.1421E+01   8.5470E+00   2.3063E+01   2.7957E+02   1.0148E-12  -2.7196E+04   7.4886E+02   2.9880E+02   1.2523E+00
 2.5961E-02   2.7948E-02   4.0934E-02   8.2872E+04   2.1289E+01   7.8250E+00   2.2681E+01   2.7938E+02   8.8366E-13  -2.6351E+04   7.4383E+02   2.7341E+02   1.2177E+00
 2.8708E-02   2.8918E-02   4.3848E-02   7.5975E+04   2.1119E+01   7.1638E+00   2.2301E+01   2.7919E+02   7.7179E-13  -2.5551E+04   7.3750E+02   2.5017E+02   1.1852E+00
 3.1636E-02   2.9872E-02   4.6928E-02   6.9711E+04   2.0906E+01   6.5553E+00   2.1910E+01   2.7901E+02   6.7708E-13  -2.4799E+04   7.2969E+02   2.2880E+02   1.1543E+00
 3.4752E-02   3.0814E-02   5.0183E-02   6.4325E+04   2.0661E+01   6.0201E+00   2.1520E+01   2.7885E+02   6.0039E-13  -2.4144E+04   7.2081E+02   2.1003E+02   1.1263E+00
 3.8063E-02   3.1747E-02   5.3623E-02   5.9944E+04   2.0384E+01   5.5631E+00   2.1130E+01   2.7872E+02   5.3745E-13  -2.3559E+04   7.1087E+02   1.9401E+02   1.1015E+00
 4.1575E-02   3.2676E-02   5.7256E-02   5.6077E+04   2.0118E+01   5.1598E+00   2.0770E+01   2.7859E+02   4.8471E-13  -2.3017E+04   7.0135E+02   1.7988E+02   1.0793E+00
 4.5298E-02   3.3601E-02   6.1091E-02   5.2415E+04   1.9862E+01   4.7860E+00   2.0430E+01   2.7847E+02   4.3824E-13  -2.2499E+04   6.9217E+02   1.6679E+02   1.0582E+00
 4.9241E-02   3.4522E-02   6.5141E-02   4.8995E+04   1.9613E+01   4.4436E+00   2.0110E+01   2.7835E+02   3.9778E-13  -2.2011E+04   6.8327E+02   1.5481E+02   1.0384E+00
 5.3416E-02   3.5439E-02   6.9416E-02   4.5721E+04   1.9378E+01   4.1285E+00   1.9813E+01   2.7824E+02   3.6200E-13  -2.1546E+04   6.7486E+02   1.4378E+02   1.0197E+00
 5.7833E-02   3.6350E-02   7.3925E-02   4.2404E+04   1.9143E+01   3.8245E+00   1.9522E+01   2.7813E+02   3.2863E-13  -2.1077E+04   6.6650E+02   1.3315E+02   1.0009E+00
 6.2501E-02   3.7251E-02   7.8680E-02   3.9035E+04   1.8908E+01   3.5317E+00   1.9235E+01   2.7802E+02   2.9768E-13  -2.0609E+04   6.5808E+02   1.2292E+02   9.8208E-01
 6.7434E-02   3.8141E-02   8.3693E-02   3.5652E+04   1.8666E+01   3.2514E+00   1.8947E+01   2.7791E+02   2.6898E-13  -2.0146E+04   6.4947E+02   1.1313E+02   9.6311E-01
 7.2644E-02   3.9016E-02   8.8976E-02   3.2314E+04   1.8422E+01   2.9872E+00   1.8662E+01   2.7781E+02   2.4298E-13  -1.9704E+04   6.4078E+02   1.0391E+02   9.4433E-01
 7.8143E-02   3.9876E-02   9.4541E-02   2.9103E+04   1.8159E+01   2.7385E+00   1.8364E+01   2.7770E+02   2.1921E-13  -1.9269E+04   6.3145E+02   9.5228E+01   9.2564E-01
 8.3940E-02   4.0719E-02   1.0040E-01   2.6113E+04   1.7889E+01   2.5116E+00   1.8064E+01   2.7761E+02   1.9832E-13  -1.8864E+04   6.2189E+02   8.7313E+01   9.0763E-01
 9.0050E-02   4.1548E-02   1.0657E-01   2.3431E+04   1.7617E+01   2.3114E+00   1.7768E+01   2.7752E+02   1.8037E-13  -1.8499E+04   6.1228E+02   8.0335E+01   8.9077E-01
 9.6484E-02   4.2367E-02   1.1305E-01   2.1139E+04   1.7348E+01   2.1414E+00   1.7480E+01   2.7745E+02   1.6533E-13  -1.8196E+04   6.0283E+02   7.4408E+01   8.7549E-01
 1.0325E-01   4.3180E-02   1.1987E-01   1.9152E+04   1.7099E+01   2.0000E+00   1.7216E+01   2.7738E+02   1.5267E-13  -1.7923E+04   5.9407E+02   6.9483E+01   8.6188E-01
 1.1037E-01   4.3988E-02   1.2704E-01   1.7072E+04   1.6853E+01   1.8581E+00   1.6956E+01   2.7732E+02   1.4038E-13  -1.7636E+04   5.8541E+02   6.4540E+01   8.4802E-01
 1.1786E-01   4.4785E-02   1.3456E-01   1.4779E+04   1.6606E+01   1.7069E+00   1.6693E+01   2.7724E+02   1.2813E-13  -1.7331E+04   5.7669E+02   5.9277E+01   8.3335E-01
 1.2572E-01   4.5560E-02   1.4246E-01   1.2311E+04   1.6346E+01   1.5460E+00   1.6419E+01   2.7717E+02   1.1614E-13  -1.7013E+04   5.6755E+02   5.3680E+01   8.1773E-01
 1.3397E-01   4.6306E-02   1.5075E-01   9.9395E+03   1.6075E+01   1.3914E+00   1.6135E+01   2.7710E+02   1.0529E-13  -1.6715E+04   5.5803E+02   4.8300E+01   8.0222E-01
 1.4263E-01   4.7025E-02   1.5943E-01   7.9162E+03   1.5809E+01   1.2583E+00   1.5859E+01   2.7704E+02   9.6239E-14  -1.6464E+04   5.4869E+02   4.3672E+01   7.8811E-01
 1.5170E-01   4.7720E-02   1.6853E-01   6.2558E+03   1.5558E+01   1.1489E+00   1.5600E+01   2.7699E+02   8.8840E-14  -1.6254E+04   5.3990E+02   3.9870E+01   7.7575E-01
 1.6120E-01   4.8396E-02   1.7806E-01   4.7393E+03   1.5316E+01   1.0510E+00   1.5352E+01   2.7694E+02   8.2265E-14  -1.6060E+04   5.3143E+02   3.6469E+01   7.6415E-01
 1.7114E-01   4.9052E-02   1.8802E-01   3.2228E+03   1.5076E+01   9.5670E-01   1.5106E+01   2.7690E+02   7.6097E-14  -1.5868E+04   5.2305E+02   3.3192E+01   7.5262E-01
 1.8153E-01   4.9685E-02   1.9843E-01   1.7132E+03   1.4838E+01   8.6741E-01   1.4863E+01   2.7685E+02   7.0361E-14  -1.5680E+04   5.1472E+02   3.0090E+01   7.4117E-01
 1.9239E-01   5.0295E-02   2.0931E-01   2.7282E+02   1.4604E+01   7.8725E-01   1.4626E+01   2.7681E+02   6.5164E-14  -1.5504E+04   5.0656E+02   2.7306E+01   7.3009E-01
 2.0373E-01   5.0882E-02   2.2066E-01  -1.0994E+03   1.4381E+01   7.1657E-01   1.4398E+01   2.7677E+02   6.0489E-14  -1.5340E+04   4.9874E+02   2.4852E+01   7.1951E-01
 2.1554E-01   5.1446E-02   2.3249E-01  -2.5288E+03   1.4161E+01   6.4636E-01   1.4176E+01   2.7673E+02   5.6027E-14  -1.5172E+04   4.9107E+02   2.2414E+01   7.0884E-01
 2.2785E-01   5.1979E-02   2.4481E-01  -4.0752E+03   1.3942E+01   5.7243E-01   1.3953E+01   2.7669E+02   5.1659E-14  -1.4990E+04   4.8341E+02   1.9848E+01   6.9775E-01
 2.4067E-01   5.2472E-02   2.5763E-01  -5.7293E+03   1.3722E+01   4.9467E-01   1.3731E+01   2.7665E+02   4.7442E-14  -1.4797E+04   4.7574E+02   1.7150E+01   6.8628E-01
 2.5399E-01   5.2916E-02   2.7096E-01  -7.4399E+03   1.3494E+01   4.1402E-01   1.3501E+01   2.7660E+02   4.3386E-14  -1.4596E+04   4.6778E+02   1.4352E+01   6.7440E-01
 2.6782E-01   5.3306E-02   2.8480E-01  -9.0167E+03   1.3265E+01   3.4107E-01   1.3269E+01   2.7655E+02   3.9764E-14  -1.4410E+04   4.5976E+02   1.1822E+01   6.6297E-01
 2.8218E-01   5.3645E-02   2.9916E-01  -1.0344E+04   1.3042E+01   2.8139E-01   1.3045E+01   2.7652E+02   3.6717E-14  -1.4253E+04   4.5197E+02   9.7519E+00   6.5260E-01
 2.9705E-01   5.3942E-02   3.1404E-01  -1.1390E+04   1.2829E+01   2.3580E-01   1.2831E+01   2.7649E+02   3.4222E-14  -1.4129E+04   4.4457E+02   8.1712E+00   6.4351E-01
 3.1245E-01   5.4205E-02   3.2943E-01  -1.2230E+04   1.2628E+01   2.0028E-01   1.2629E+01   2.7646E+02   3.2126E-14  -1.4028E+04   4.3757E+02   6.9400E+00   6.3545E-01
 3.2836E-01   5.4438E-02   3.4535E-01  -1.2996E+04   1.2433E+01   1.6721E-01   1.2434E+01   2.7644E+02   3.0223E-14  -1.3936E+04   4.3078E+02   5.7938E+00   6.2779E-01
 3.4479E-01   5.4639E-02   3.6178E-01  -1.3729E+04   1.2245E+01   1.3597E-01   1.2246E+01   2.7642E+02   2.8479E-14  -1.3848E+04   4.2425E+02   4.7111E+00   6.2044E-01
 3.6173E-01   5.4806E-02   3.7872E-01  -1.4499E+04   1.2067E+01   1.0380E-01   1.2067E+01   2.7640E+02   2.6825E-14  -1.3756E+04   4.1805E+02   3.5962E+00   6.1319E-01
 3.7917E-01   5.4927E-02   3.9616E-01  -1.5435E+04   1.1893E+01   6.3983E-02   1.1894E+01   2.7637E+02   2.5130E-14  -1.3641E+04   4.1201E+02   2.2165E+00   6.0547E-01
 3.9711E-01   5.4987E-02   4.1410E-01  -1.6552E+04   1.1717E+01   1.5441E-02   1.1717E+01   2.7634E+02   2.3377E-14  -1.3501E+04   4.0586E+02   5.3488E-01   5.9704E-01
 4.1553E-01   5.4973E-02   4.3252E-01  -1.7664E+04   1.1534E+01  -3.2119E-02   1.1534E+01   2.7631E+02   2.1718E-14  -1.3362E+04   3.9948E+02  -1.1125E+00   5.8846E-01
 4.3441E-01   5.4894E-02   4.5140E-01  -1.8487E+04   1.1362E+01  -6.3543E-02   1.1362E+01   2.7628E+02   2.0409E-14  -1.3259E+04   3.9350E+02  -2.2007E+00   5.8118E-01
 4.5374E-01   5.4771E-02   4.7074E-01  -1.9052E+04   1.1212E+01  -7.9438E-02   1.1213E+01   2.7627E+02   1.9407E-14  -1.3188E+04   3.8830E+02  -2.7511E+00   5.7537E-01
 4.7351E-01   5.4609E-02   4.9050E-01  -1.9749E+04   1.1072E+01  -1.0306E-01   1.1072E+01   2.7625E+02   1.8373E-14  -1.3103E+04   3.8340E+02  -3.5689E+00   5.6933E-01
 4.9368E-01   5.4377E-02   5.1068E-01  -2.0910E+04   1.0922E+01  -1.4867E-01   1.0923E+01   2.7621E+02   1.7076E-14  -1.2945E+04   3.7819E+02  -5.1480E+00   5.6145E-01
 5.1424E-01   5.4044E-02   5.3124E-01  -2.2185E+04   1.0749E+01  -2.0159E-01   1.0750E+01   2.7617E+02   1.5733E-14  -1.2775E+04   3.7213E+02  -6.9792E+00   5.5256E-01
 5.3516E-01   5.3622E-02   5.5216E-01  -2.3019E+04   1.0588E+01  -2.2847E-01   1.0590E+01   2.7614E+02   1.4754E-14  -1.2661E+04   3.6654E+02  -7.9095E+00   5.4552E-01
 5.5640E-01   5.3152E-02   5.7341E-01  -2.3592E+04   1.0509E+01  -2.3824E-01   1.0512E+01   2.7613E+02   1.4199E-14  -1.2600E+04   3.6373E+02  -8.2460E+00   5.4154E-01
 5.7794E-01   5.2589E-02   5.9496E-01  -2.5047E+04   1.0322E+01  -3.0473E-01   1.0327E+01   2.7608E+02   1.2895E-14  -1.2389E+04   3.5724E+02  -1.0546E+01   5.3169E-01
 5.9975E-01   5.1917E-02   6.1677E-01  -2.5879E+04   1.0162E+01  -3.2714E-01   1.0167E+01   2.7605E+02   1.2060E-14  -1.2266E+04   3.5171E+02  -1.1322E+01   5.2465E-01
 6.2178E-01   5.1189E-02   6.3882E-01  -2.6601E+04   1.0113E+01  -3.4245E-01   1.0119E+01   2.7603E+02   1.1625E-14  -1.2187E+04   3.4981E+02  -1.1846E+01   5.2102E-01
 6.4401E-01   5.0338E-02   6.6107E-01  -2.8384E+04   9.9358E+00  -4.2342E-01   9.9448E+00   2.7597E+02   1.0390E-14  -1.1937E+04   3.4375E+02  -1.4649E+01   5.1020E-01
 6.6639E-01   4.9317E-02   6.8347E-01  -2.9835E+04   9.7698E+00  -4.7537E-01   9.7814E+00   2.7593E+02   9.4594E-15  -1.1761E+04   3.3801E+02  -1.6446E+01   5.0088E-01
 6.8889E-01   4.8181E-02   7.0599E-01  -3.0948E+04   9.6695E+00  -5.0608E-01   9.6827E+00   2.7590E+02   8.9193E-15  -1.1636E+04   3.3409E+02  -1.7485E+01   4.9473E-01
 7.1145E-01   4.6873E-02   7.2860E-01  -3.3109E+04   9.3989E+00  -5.9766E-01   9.4179E+00   2.7585E+02   7.6631E-15  -1.1407E+04   3.2495E+02  -2.0663E+01   4.8011E-01
 7.3405E-01   4.5350E-02   7.5124E-01  -3.4726E+04   9.0554E+00  -6.4444E-01   9.0783E+00   2.7584E+02   6.7041E-15  -1.1371E+04   3.1321E+02  -2.2290E+01   4.6555E-01
 7.5663E-01   4.3673E-02   7.7389E-01  -3.6047E+04   8.5009E+00  -6.5739E-01   8.5263E+00   2.7588E+02   5.7762E-15  -1.1522E+04   2.9355E+02  -2.2701E+01   4.4689E-01
 7.7916E-01   4.1784E-02   7.9650E-01  -3.8045E+04   7.5657E+00  -6.8383E-01   7.5966E+00   2.7591E+02   4.2774E-15  -1.1669E+04   2.6173E+02  -2.3656E+01   4.1473E-01
 8.0158E-01   3.9599E-02   8.1903E-01  -3.9270E+04   6.2538E+00  -6.5405E-01   6.2879E+00   2.7596E+02   2.9602E-15  -1.1868E+04   2.1627E+02  -2.2618E+01   3.7351E-01
 8.2385E-01   3.7084E-02   8.4144E-01  -3.8368E+04   4.0856E+00  -4.9586E-01   4.1156E+00   2.7602E+02   1.6803E-15  -1.2140E+04   1.4136E+02  -1.7157E+01   3.0408E-01
 8.4592E-01   3.4235E-02   8.6369E-01  -2.9289E+04   9.4372E-01  -1.2905E-01   9.5250E-01   2.7610E+02   7.8651E-16  -1.2466E+04   3.2663E+01  -4.4665E+00   1.5552E-01
 8.6776E-01   3.1067E-02   8.8575E-01  -1.2256E+04  -1.4253E+00   2.1797E-01   1.4419E+00   2.7561E+02   2.9445E-16  -1.0147E+04  -4.8069E+01   7.3510E+00   2.1792E-01
 8.8928E-01   2.7454E-02   9.0758E-01  -3.8408E+03  -1.4809E+00   2.7021E-01   1.5054E+00   2.7528E+02   2.1203E-16  -8.8407E+03  -5.0130E+01   9.1467E+00   2.3279E-01
 9.1046E-01   2.3393E-02   9.2915E-01   1.6843E+02  -1.1799E+00   2.3737E-01   1.2036E+00   2.7512E+02   1.2541E-16  -8.1819E+03  -3.9970E+01   8.0407E+00   2.1246E-01
 9.3125E-01   1.8903E-02   9.5042E-01   1.4976E+03  -8.8517E-01   2.0451E-01   9.0849E-01   2.7478E+02   5.4634E-17  -6.8855E+03  -3.0480E+01   7.0422E+00   1.8441E-01
 9.5158E-01   1.3926E-02   9.7136E-01   1.9563E+03  -7.8148E-01   2.0225E-01   8.0723E-01   2.7459E+02   6.2045E-17  -5.5692E+03  -2.4685E+01   6.3886E+00   1.8196E-01
 9.7139E-01   8.3577E-03   9.9194E-01   4.1241E+03  -5.4483E-01   1.6387E-01   5.6894E-01   2.7456E+02   1.6470E-17  -5.9123E+03  -1.8666E+01   5.6143E+00   1.4824E-01
 9.9058E-01   2.0458E-03   1.0121E+00   3.1348E+03  -2.7989E-01  -2.8641E-02   2.8135E-01   2.7364E+02   8.1100E-23  -4.2107E+01  -1.9714E-01  -2.0173E-02   6.8884E-01
