#        X=           Y=           S=           P=           U=           V=         Vel=           T=         mut=         hcv=          Ax=          Ay=       Yplus=
 5.2812E-01  -1.0736E-03  -5.3859E-01   5.4471E+03   3.1595E+00   5.9930E-01   3.2158E+00   2.6451E+02   1.9654E-02   7.9887E+03   4.6376E+01   9.4335E+00   2.8825E+01
 5.1741E-01  -2.8739E-03  -5.2772E-01   5.2239E+03   4.6192E+00   6.0412E-01   4.6586E+00   2.6347E+02   2.8864E-02   1.2400E+04   8.8564E+01   1.1834E+01   4.0265E+01
 5.0643E-01  -4.3344E-03  -5.1665E-01   3.9020E+03   4.5321E+00   5.9080E-01   4.5704E+00   2.6355E+02   2.8512E-02   1.2161E+04   8.6127E+01   1.1423E+01   3.9790E+01
 4.9528E-01  -5.7903E-03  -5.0540E-01   3.1343E+03   4.7623E+00   6.0303E-01   4.8003E+00   2.6350E+02   2.9580E-02   1.2644E+04   9.3048E+01   1.1954E+01   4.1192E+01
 4.8396E-01  -7.2276E-03  -4.9399E-01   2.3661E+03   4.8780E+00   6.0355E-01   4.9152E+00   2.6346E+02   3.0157E-02   1.2913E+04   9.6715E+01   1.2134E+01   4.1940E+01
 4.7249E-01  -8.6489E-03  -4.8243E-01   1.7234E+03   4.9995E+00   6.0402E-01   5.0359E+00   2.6343E+02   3.0750E-02   1.3181E+04   1.0061E+02   1.2309E+01   4.2712E+01
 4.6088E-01  -1.0053E-02  -4.7074E-01   1.1086E+03   5.1016E+00   6.0211E-01   5.1370E+00   2.6341E+02   3.1257E-02   1.3406E+04   1.0395E+02   1.2435E+01   4.3370E+01
 4.4916E-01  -1.1436E-02  -4.5894E-01   5.6988E+02   5.1986E+00   5.9747E-01   5.2329E+00   2.6339E+02   3.1732E-02   1.3622E+04   1.0716E+02   1.2482E+01   4.3988E+01
 4.3735E-01  -1.2793E-02  -4.4705E-01   1.0493E+02   5.2829E+00   5.9099E-01   5.3158E+00   2.6337E+02   3.2154E-02   1.3813E+04   1.1001E+02   1.2457E+01   4.4535E+01
 4.2546E-01  -1.4123E-02  -4.3508E-01  -3.4607E+02   5.3586E+00   5.8437E-01   5.3904E+00   2.6336E+02   3.2541E-02   1.3981E+04   1.1261E+02   1.2440E+01   4.5036E+01
 4.1351E-01  -1.5425E-02  -4.2306E-01  -7.5613E+02   5.4329E+00   5.7618E-01   5.4633E+00   2.6335E+02   3.2917E-02   1.4147E+04   1.1518E+02   1.2377E+01   4.5522E+01
 4.0152E-01  -1.6695E-02  -4.1101E-01  -1.1333E+03   5.5021E+00   5.6714E-01   5.5312E+00   2.6334E+02   3.3272E-02   1.4303E+04   1.1761E+02   1.2281E+01   4.5981E+01
 3.8953E-01  -1.7931E-02  -3.9895E-01  -1.5101E+03   5.5692E+00   5.5772E-01   5.5971E+00   2.6333E+02   3.3616E-02   1.4451E+04   1.2000E+02   1.2188E+01   4.6427E+01
 3.7753E-01  -1.9130E-02  -3.8690E-01  -1.8606E+03   5.6368E+00   5.4673E-01   5.6633E+00   2.6332E+02   3.3957E-02   1.4600E+04   1.2240E+02   1.2053E+01   4.6868E+01
 3.6557E-01  -2.0288E-02  -3.7488E-01  -2.1710E+03   5.7015E+00   5.3453E-01   5.7265E+00   2.6331E+02   3.4285E-02   1.4745E+04   1.2473E+02   1.1870E+01   4.7294E+01
 3.5365E-01  -2.1404E-02  -3.6291E-01  -2.5024E+03   5.7658E+00   5.2243E-01   5.7894E+00   2.6330E+02   3.4613E-02   1.4885E+04   1.2707E+02   1.1707E+01   4.7719E+01
 3.4180E-01  -2.2477E-02  -3.5101E-01  -2.8496E+03   5.8355E+00   5.0856E-01   5.8576E+00   2.6329E+02   3.4951E-02   1.5033E+04   1.2958E+02   1.1525E+01   4.8158E+01
 3.3004E-01  -2.3499E-02  -3.3921E-01  -3.1055E+03   5.9037E+00   4.9135E-01   5.9241E+00   2.6328E+02   3.5276E-02   1.5185E+04   1.3205E+02   1.1206E+01   4.8581E+01
 3.1839E-01  -2.4468E-02  -3.2751E-01  -3.3428E+03   5.9618E+00   4.7497E-01   5.9807E+00   2.6327E+02   3.5572E-02   1.5313E+04   1.3421E+02   1.0904E+01   4.8964E+01
 3.0686E-01  -2.5385E-02  -3.1595E-01  -3.6162E+03   6.0235E+00   4.5868E-01   6.0409E+00   2.6327E+02   3.5882E-02   1.5442E+04   1.3652E+02   1.0641E+01   4.9367E+01
 2.9547E-01  -2.6251E-02  -3.0453E-01  -3.8857E+03   6.0929E+00   4.3987E-01   6.1088E+00   2.6326E+02   3.6213E-02   1.5589E+04   1.3909E+02   1.0314E+01   4.9799E+01
 2.8425E-01  -2.7061E-02  -2.9327E-01  -4.1400E+03   6.1636E+00   4.1891E-01   6.1778E+00   2.6324E+02   3.6543E-02   1.5738E+04   1.4171E+02   9.9285E+00   5.0229E+01
 2.7320E-01  -2.7811E-02  -2.8220E-01  -4.3671E+03   6.2340E+00   3.9593E-01   6.2465E+00   2.6323E+02   3.6868E-02   1.5886E+04   1.4433E+02   9.4816E+00   5.0654E+01
 2.6234E-01  -2.8501E-02  -2.7131E-01  -4.5716E+03   6.3029E+00   3.7139E-01   6.3138E+00   2.6322E+02   3.7186E-02   1.6030E+04   1.4692E+02   8.9936E+00   5.1069E+01
 2.5168E-01  -2.9128E-02  -2.6064E-01  -4.7520E+03   6.3720E+00   3.4524E-01   6.3814E+00   2.6321E+02   3.7504E-02   1.6174E+04   1.4953E+02   8.4554E+00   5.1485E+01
 2.4124E-01  -2.9695E-02  -2.5018E-01  -4.9458E+03   6.4428E+00   3.1782E-01   6.4506E+00   2.6320E+02   3.7825E-02   1.6317E+04   1.5222E+02   7.9081E+00   5.1906E+01
 2.3103E-01  -3.0200E-02  -2.3996E-01  -5.1156E+03   6.5182E+00   2.8721E-01   6.5245E+00   2.6319E+02   3.8156E-02   1.6472E+04   1.5507E+02   7.2694E+00   5.2339E+01
 2.2105E-01  -3.0641E-02  -2.2997E-01  -5.2565E+03   6.5931E+00   2.5424E-01   6.5980E+00   2.6318E+02   3.8480E-02   1.6626E+04   1.5791E+02   6.5576E+00   5.2766E+01
 2.1132E-01  -3.1019E-02  -2.2023E-01  -5.3811E+03   6.6676E+00   2.1924E-01   6.6712E+00   2.6316E+02   3.8801E-02   1.6777E+04   1.6076E+02   5.7962E+00   5.3187E+01
 2.0184E-01  -3.1334E-02  -2.1075E-01  -5.4722E+03   6.7422E+00   1.8159E-01   6.7447E+00   2.6315E+02   3.9116E-02   1.6928E+04   1.6362E+02   4.9599E+00   5.3601E+01
 1.9262E-01  -3.1586E-02  -2.0153E-01  -5.5137E+03   6.8152E+00   1.4161E-01   6.8166E+00   2.6314E+02   3.9422E-02   1.7077E+04   1.6643E+02   4.0405E+00   5.4005E+01
 1.8367E-01  -3.1777E-02  -1.9257E-01  -5.5604E+03   6.8882E+00   1.0038E-01   6.8889E+00   2.6312E+02   3.9731E-02   1.7225E+04   1.6927E+02   3.1062E+00   5.4412E+01
 1.7498E-01  -3.1911E-02  -1.8388E-01  -5.6266E+03   6.9665E+00   5.5925E-02   6.9668E+00   2.6311E+02   4.0049E-02   1.7381E+04   1.7230E+02   2.1251E+00   5.4832E+01
 1.6657E-01  -3.1986E-02  -1.7547E-01  -5.5938E+03   7.0458E+00   6.0878E-03   7.0458E+00   2.6309E+02   4.0354E-02   1.7544E+04   1.7534E+02   9.2914E-01   5.5236E+01
 1.5843E-01  -3.2001E-02  -1.6733E-01  -5.5037E+03   7.1148E+00  -4.4287E-02   7.1150E+00   2.6307E+02   4.0629E-02   1.7686E+04   1.7803E+02  -2.8984E-01   5.5600E+01
 1.5056E-01  -3.1962E-02  -1.5946E-01  -5.4274E+03   7.1844E+00  -9.5794E-02   7.1850E+00   2.6306E+02   4.0910E-02   1.7827E+04   1.8078E+02  -1.4997E+00   5.5973E+01
 1.4296E-01  -3.1874E-02  -1.5187E-01  -5.3714E+03   7.2599E+00  -1.5130E-01   7.2615E+00   2.6304E+02   4.1201E-02   1.7979E+04   1.8375E+02  -2.7679E+00   5.6358E+01
 1.3564E-01  -3.1735E-02  -1.4454E-01  -5.2032E+03   7.3358E+00  -2.1286E-01   7.3389E+00   2.6301E+02   4.1474E-02   1.8138E+04   1.8669E+02  -4.2861E+00   5.6723E+01
 1.2859E-01  -3.1547E-02  -1.3749E-01  -4.9818E+03   7.4004E+00  -2.7466E-01   7.4055E+00   2.6299E+02   4.1716E-02   1.8275E+04   1.8924E+02  -5.7932E+00   5.7046E+01
 1.2181E-01  -3.1315E-02  -1.3070E-01  -4.7715E+03   7.4670E+00  -3.3862E-01   7.4747E+00   2.6297E+02   4.1970E-02   1.8416E+04   1.9190E+02  -7.3055E+00   5.7384E+01
 1.1529E-01  -3.1042E-02  -1.2418E-01  -4.5888E+03   7.5407E+00  -4.0764E-01   7.5517E+00   2.6295E+02   4.2236E-02   1.8573E+04   1.9483E+02  -8.8957E+00   5.7739E+01
 1.0903E-01  -3.0730E-02  -1.1791E-01  -4.3188E+03   7.6159E+00  -4.8392E-01   7.6313E+00   2.6292E+02   4.2481E-02   1.8739E+04   1.9775E+02  -1.0747E+01   5.8071E+01
 1.0303E-01  -3.0377E-02  -1.1190E-01  -3.9501E+03   7.6787E+00  -5.6227E-01   7.6993E+00   2.6288E+02   4.2681E-02   1.8881E+04   2.0019E+02  -1.2684E+01   5.8343E+01
 9.7275E-02  -2.9988E-02  -1.0613E-01  -3.5474E+03   7.7325E+00  -6.4116E-01   7.7590E+00   2.6286E+02   4.2858E-02   1.9006E+04   2.0232E+02  -1.4565E+01   5.8583E+01
 9.1769E-02  -2.9568E-02  -1.0061E-01  -3.1117E+03   7.7860E+00  -7.2353E-01   7.8196E+00   2.6283E+02   4.3031E-02   1.9135E+04   2.0445E+02  -1.6509E+01   5.8818E+01
 8.6502E-02  -2.9121E-02  -9.5322E-02  -2.6654E+03   7.8398E+00  -8.0955E-01   7.8815E+00   2.6280E+02   4.3198E-02   1.9269E+04   2.0659E+02  -1.8498E+01   5.9046E+01
 8.1469E-02  -2.8647E-02  -9.0267E-02  -2.1962E+03   7.8951E+00  -9.0079E-01   7.9463E+00   2.6276E+02   4.3355E-02   1.9409E+04   2.0876E+02  -2.0619E+01   5.9263E+01
 7.6663E-02  -2.8151E-02  -8.5436E-02  -1.7000E+03   7.9474E+00  -9.9662E-01   8.0097E+00   2.6272E+02   4.3484E-02   1.9545E+04   2.1078E+02  -2.2797E+01   5.9447E+01
 7.2078E-02  -2.7631E-02  -8.0821E-02  -1.0763E+03   7.9943E+00  -1.0976E+00   8.0693E+00   2.6267E+02   4.3574E-02   1.9676E+04   2.1250E+02  -2.5238E+01   5.9580E+01
 6.7708E-02  -2.7091E-02  -7.6417E-02  -4.7323E+02   8.0290E+00  -1.1968E+00   8.1177E+00   2.6263E+02   4.3638E-02   1.9780E+04   2.1383E+02  -2.7444E+01   5.9677E+01
 6.3544E-02  -2.6535E-02  -7.2217E-02   1.9208E+02   8.0664E+00  -1.3029E+00   8.1709E+00   2.6259E+02   4.3680E-02   1.9893E+04   2.1516E+02  -2.9903E+01   5.9750E+01
 5.9581E-02  -2.5964E-02  -6.8213E-02   8.6970E+02   8.0941E+00  -1.4101E+00   8.2160E+00   2.6254E+02   4.3679E-02   1.9982E+04   2.1609E+02  -3.2319E+01   5.9768E+01
 5.5811E-02  -2.5380E-02  -6.4398E-02   1.6135E+03   8.1142E+00  -1.5210E+00   8.2555E+00   2.6250E+02   4.3628E-02   2.0052E+04   2.1663E+02  -3.4850E+01   5.9723E+01
 5.2228E-02  -2.4782E-02  -6.0765E-02   2.4523E+03   8.1182E+00  -1.6318E+00   8.2805E+00   2.6246E+02   4.3515E-02   2.0085E+04   2.1649E+02  -3.7428E+01   5.9596E+01
 4.8826E-02  -2.4175E-02  -5.7309E-02   3.3135E+03   8.1052E+00  -1.7398E+00   8.2898E+00   2.6244E+02   4.3359E-02   2.0077E+04   2.1575E+02  -3.9796E+01   5.9412E+01
 4.5596E-02  -2.3560E-02  -5.4021E-02   4.2384E+03   8.0827E+00  -1.8494E+00   8.2916E+00   2.6241E+02   4.3158E-02   2.0048E+04   2.1459E+02  -4.2223E+01   5.9169E+01
 4.2532E-02  -2.2938E-02  -5.0895E-02   5.1787E+03   8.0493E+00  -1.9583E+00   8.2841E+00   2.6239E+02   4.2910E-02   1.9992E+04   2.1299E+02  -4.4546E+01   5.8867E+01
 3.9628E-02  -2.2313E-02  -4.7924E-02   6.1313E+03   8.0088E+00  -2.0692E+00   8.2718E+00   2.6237E+02   4.2605E-02   1.9914E+04   2.1102E+02  -4.6814E+01   5.8496E+01
 3.6877E-02  -2.1684E-02  -4.5102E-02   7.1894E+03   7.9547E+00  -2.1817E+00   8.2484E+00   2.6234E+02   4.2215E-02   1.9800E+04   2.0837E+02  -4.9200E+01   5.8018E+01
 3.4273E-02  -2.1051E-02  -4.2422E-02   8.2973E+03   7.8859E+00  -2.2915E+00   8.2121E+00   2.6232E+02   4.1751E-02   1.9652E+04   2.0510E+02  -5.1382E+01   5.7447E+01
 3.1811E-02  -2.0416E-02  -3.9879E-02   9.4369E+03   7.8061E+00  -2.4004E+00   8.1668E+00   2.6230E+02   4.1202E-02   1.9469E+04   2.0128E+02  -5.3437E+01   5.6772E+01
 2.9483E-02  -1.9780E-02  -3.7466E-02   1.0634E+04   7.7120E+00  -2.5083E+00   8.1096E+00   2.6228E+02   4.0545E-02   1.9240E+04   1.9676E+02  -5.5337E+01   5.5966E+01
 2.7285E-02  -1.9143E-02  -3.5177E-02   1.1968E+04   7.5981E+00  -2.6126E+00   8.0347E+00   2.6226E+02   3.9760E-02   1.8957E+04   1.9129E+02  -5.7166E+01   5.5004E+01
 2.5210E-02  -1.8506E-02  -3.3007E-02   1.3355E+04   7.4664E+00  -2.7088E+00   7.9426E+00   2.6224E+02   3.8867E-02   1.8626E+04   1.8511E+02  -5.8513E+01   5.3912E+01
 2.3254E-02  -1.7870E-02  -3.0950E-02   1.4797E+04   7.3212E+00  -2.8002E+00   7.8384E+00   2.6223E+02   3.7830E-02   1.8237E+04   1.7823E+02  -5.9545E+01   5.2653E+01
 2.1411E-02  -1.7237E-02  -2.9001E-02   1.6283E+04   7.1613E+00  -2.8860E+00   7.7210E+00   2.6221E+02   3.6611E-02   1.7776E+04   1.7057E+02  -6.0208E+01   5.1188E+01
 1.9675E-02  -1.6608E-02  -2.7155E-02   1.7796E+04   6.9871E+00  -2.9666E+00   7.5908E+00   2.6219E+02   3.5161E-02   1.7228E+04   1.6207E+02  -6.0395E+01   4.9471E+01
 1.8042E-02  -1.5983E-02  -2.5406E-02   1.9385E+04   6.7948E+00  -3.0411E+00   7.4443E+00   2.6218E+02   3.3408E-02   1.6570E+04   1.5251E+02  -6.0143E+01   4.7438E+01
 1.6508E-02  -1.5360E-02  -2.3750E-02   2.1062E+04   6.5809E+00  -3.1051E+00   7.2766E+00   2.6216E+02   3.1314E-02   1.5796E+04   1.4186E+02  -5.9312E+01   4.5076E+01
 1.5068E-02  -1.4741E-02  -2.2183E-02   2.2798E+04   6.3464E+00  -3.1564E+00   7.0879E+00   2.6215E+02   2.8861E-02   1.4917E+04   1.3041E+02  -5.7751E+01   4.2421E+01
 1.3719E-02  -1.4125E-02  -2.0700E-02   2.4630E+04   6.0896E+00  -3.1932E+00   6.8760E+00   2.6214E+02   2.6050E-02   1.3963E+04   1.1842E+02  -5.5656E+01   3.9561E+01
 1.2456E-02  -1.3514E-02  -1.9296E-02   2.6557E+04   5.8093E+00  -3.2105E+00   6.6374E+00   2.6213E+02   2.2960E-02   1.2998E+04   1.0644E+02  -5.3182E+01   3.6691E+01
 1.1275E-02  -1.2907E-02  -1.7969E-02   2.8509E+04   5.5102E+00  -3.2072E+00   6.3756E+00   2.6212E+02   1.9716E-02   1.2108E+04   9.5262E+01  -5.0455E+01   3.4051E+01
 1.0173E-02  -1.2305E-02  -1.6713E-02   3.0507E+04   5.1930E+00  -3.1841E+00   6.0915E+00   2.6211E+02   1.6437E-02   1.1354E+04   8.5202E+01  -4.7915E+01   3.1814E+01
 9.1457E-03  -1.1710E-02  -1.5525E-02   3.2559E+04   4.8553E+00  -3.1365E+00   5.7803E+00   2.6210E+02   1.3287E-02   1.0757E+04   7.6200E+01  -4.5655E+01   3.0036E+01
 8.1903E-03  -1.1120E-02  -1.4403E-02   3.4606E+04   4.5006E+00  -3.0621E+00   5.4435E+00   2.6210E+02   1.0414E-02   1.0285E+04   6.8114E+01  -4.3351E+01   2.8621E+01
 7.3037E-03  -1.0537E-02  -1.3341E-02   3.6685E+04   4.1282E+00  -2.9593E+00   5.0793E+00   2.6209E+02   7.9176E-03   9.8782E+03   6.0363E+01  -4.1075E+01   2.7396E+01
 6.4829E-03  -9.9604E-03  -1.2338E-02   3.8726E+04   3.7401E+00  -2.8224E+00   4.6855E+00   2.6208E+02   5.8946E-03   9.4817E+03   5.2812E+01  -3.8365E+01   2.6201E+01
 5.7251E-03  -9.3910E-03  -1.1390E-02   4.0724E+04   3.3387E+00  -2.6504E+00   4.2628E+00   2.6207E+02   4.3113E-03   9.0616E+03   4.5300E+01  -3.5260E+01   2.4936E+01
 5.0280E-03  -8.8286E-03  -1.0494E-02   4.2664E+04   2.9235E+00  -2.4361E+00   3.8055E+00   2.6207E+02   3.1411E-03   8.5906E+03   3.7779E+01  -3.1641E+01   2.3524E+01
 4.3900E-03  -8.2728E-03  -9.6481E-03   4.4510E+04   2.4984E+00  -2.1725E+00   3.3109E+00   2.6206E+02   2.2800E-03   8.0447E+03   3.0289E+01  -2.7503E+01   2.1915E+01
 3.8086E-03  -7.7243E-03  -8.8486E-03   4.6170E+04   2.0728E+00  -1.8574E+00   2.7832E+00   2.6205E+02   1.6478E-03   7.4071E+03   2.3198E+01  -2.2785E+01   2.0067E+01
 3.2800E-03  -7.1851E-03  -8.0934E-03   4.7600E+04   1.6533E+00  -1.4918E+00   2.2268E+00   2.6205E+02   1.1683E-03   6.6591E+03   1.6687E+01  -1.7717E+01   1.7910E+01
 2.8012E-03  -6.6566E-03  -7.3802E-03   4.8777E+04   1.2422E+00  -1.0704E+00   1.6397E+00   2.6204E+02   8.0044E-04   5.7503E+03   1.0861E+01  -1.2497E+01   1.5296E+01
 2.3709E-03  -6.1387E-03  -6.7066E-03   4.9628E+04   8.5253E-01  -5.9361E-01   1.0388E+00   2.6203E+02   4.5981E-04   4.5913E+03   5.7929E+00  -7.3160E+00   1.1959E+01
 1.9858E-03  -5.6326E-03  -6.0706E-03   5.0041E+04   5.1223E-01  -9.5455E-02   5.2105E-01   2.6203E+02   3.4059E-04   3.0870E+03   1.8470E+00  -2.5337E+00   7.3692E+00
 1.6441E-03  -5.1390E-03  -5.4700E-03   5.0083E+04   2.1576E-01   3.8586E-01   4.4208E-01   2.6201E+02   6.3314E-05   2.5989E+03  -9.7644E-01   1.4904E+00   5.4062E+00
 1.3453E-03  -4.6573E-03  -4.9031E-03   4.9778E+04  -9.3609E-02   9.1028E-01   9.1508E-01   2.6201E+02   3.6163E-04   4.2702E+03  -3.8338E+00   6.5618E+00   1.0896E+01
 1.0844E-03  -4.1901E-03  -4.3678E-03   4.8976E+04  -3.8162E-01   1.5063E+00   1.5539E+00   2.6200E+02   8.2508E-04   5.6191E+03  -7.2119E+00   1.3566E+01   1.4645E+01
 8.6027E-04  -3.7376E-03  -3.8626E-03   4.7657E+04  -6.1738E-01   2.1378E+00   2.2252E+00   2.6200E+02   1.3763E-03   6.7267E+03  -1.0172E+01   2.2206E+01   1.7661E+01
 6.7061E-04  -3.3001E-03  -3.3857E-03   4.5917E+04  -7.9203E-01   2.7820E+00   2.8926E+00   2.6200E+02   1.9931E-03   7.6547E+03  -1.3049E+01   3.1982E+01   2.0164E+01
 5.1213E-04  -2.8790E-03  -2.9355E-03   4.3752E+04  -9.0536E-01   3.4258E+00   3.5434E+00   2.6201E+02   2.6701E-03   8.4576E+03  -1.4766E+01   4.2990E+01   2.2346E+01
 3.8310E-04  -2.4744E-03  -2.5107E-03   4.1272E+04  -9.6080E-01   4.0521E+00   4.1645E+00   2.6201E+02   3.4055E-03   9.1492E+03  -1.5937E+01   5.4350E+01   2.4234E+01
 2.7807E-04  -2.0876E-03  -2.1099E-03   3.8525E+04  -9.6638E-01   4.6667E+00   4.7657E+00   2.6201E+02   4.1943E-03   9.7718E+03  -1.6445E+01   6.6090E+01   2.5941E+01
 1.9581E-04  -1.7185E-03  -1.7316E-03   3.5515E+04  -9.2513E-01   5.2471E+00   5.3280E+00   2.6202E+02   5.0294E-03   1.0313E+04  -1.5254E+01   7.7951E+01   2.7448E+01
 1.3222E-04  -1.3673E-03  -1.3746E-03   3.2465E+04  -8.4627E-01   5.8007E+00   5.8621E+00   2.6202E+02   5.8905E-03   1.0802E+04  -1.4801E+01   8.9367E+01   2.8816E+01
 8.3823E-05  -1.0340E-03  -1.0378E-03   2.9199E+04  -7.4011E-01   6.3265E+00   6.3696E+00   2.6202E+02   6.7860E-03   1.1259E+04  -1.2489E+01   1.0094E+02   3.0050E+01
 4.8009E-05  -7.1827E-04  -7.2000E-04   2.5875E+04  -6.0482E-01   6.8440E+00   6.8707E+00   2.6201E+02   7.6695E-03   1.1705E+04  -1.1539E+01   1.1254E+02   3.1212E+01
 2.3338E-05  -4.1952E-04  -4.2017E-04   2.2200E+04  -4.4871E-01   7.3378E+00   7.3515E+00   2.6201E+02   8.6001E-03   1.2146E+04  -7.6585E+00   1.2454E+02   3.2243E+01
 7.2023E-06  -1.3712E-04  -1.3731E-04   1.8547E+04  -2.5581E-01   7.8595E+00   7.8637E+00   2.6198E+02   9.4582E-03   1.2622E+04  -7.2122E+00   1.3731E+02   3.3306E+01
 7.2023E-06   1.3712E-04   1.3731E-04   1.4159E+04  -2.0168E-02   8.2872E+00   8.2872E+00   2.6201E+02   1.0434E-02   1.2921E+04   7.7556E+00   1.4766E+02   3.4226E+01
 2.3338E-05   4.1952E-04   4.2017E-04   1.1165E+04   2.4522E-01   8.6212E+00   8.6246E+00   2.6204E+02   1.1438E-02   1.3151E+04   9.5982E+00   1.5608E+02   3.5088E+01
 4.8009E-05   7.1827E-04   7.2000E-04   8.0069E+03   5.2218E-01   8.9542E+00   8.9694E+00   2.6203E+02   1.2580E-02   1.3412E+04   1.6828E+01   1.6412E+02   3.5969E+01
 8.3823E-05   1.0340E-03   1.0378E-03   4.4555E+03   8.2590E-01   9.3137E+00   9.3503E+00   2.6203E+02   1.3793E-02   1.3728E+04   2.1528E+01   1.7400E+02   3.6896E+01
 1.3222E-04   1.3673E-03   1.3746E-03  -3.0039E+01   1.1652E+00   9.7089E+00   9.7786E+00   2.6203E+02   1.5167E-02   1.4096E+04   3.0597E+01   1.8474E+02   3.7926E+01
 1.9581E-04   1.7185E-03   1.7316E-03  -4.8156E+03   1.5537E+00   1.0121E+01   1.0239E+01   2.6202E+02   1.6637E-02   1.4516E+04   3.8584E+01   1.9717E+02   3.9043E+01
 2.7807E-04   2.0876E-03   2.1099E-03  -1.0285E+04   1.9952E+00   1.0521E+01   1.0709E+01   2.6203E+02   1.8291E-02   1.4952E+04   5.1968E+01   2.0885E+02   4.0250E+01
 3.8310E-04   2.4744E-03   2.5107E-03  -1.5673E+04   2.4818E+00   1.0879E+01   1.1159E+01   2.6203E+02   2.0130E-02   1.5418E+04   6.4747E+01   2.2080E+02   4.1547E+01
 5.1213E-04   2.8790E-03   2.9355E-03  -2.1206E+04   3.0204E+00   1.1212E+01   1.1611E+01   2.6203E+02   2.2130E-02   1.5931E+04   7.9889E+01   2.3260E+02   4.3006E+01
 6.7061E-04   3.3001E-03   3.3857E-03  -2.7016E+04   3.5930E+00   1.1470E+01   1.2020E+01   2.6204E+02   2.4450E-02   1.6493E+04   9.8953E+01   2.4253E+02   4.4653E+01
 8.6027E-04   3.7376E-03   3.8626E-03  -3.2109E+04   4.1969E+00   1.1669E+01   1.2401E+01   2.6204E+02   2.6927E-02   1.7131E+04   1.1618E+02   2.5362E+02   4.6550E+01
 1.0844E-03   4.1901E-03   4.3678E-03  -3.7405E+04   4.8084E+00   1.1783E+01   1.2727E+01   2.6205E+02   2.9791E-02   1.7877E+04   1.3914E+02   2.6173E+02   4.8815E+01
 1.3453E-03   4.6573E-03   4.9031E-03  -4.1642E+04   5.4176E+00   1.1826E+01   1.3008E+01   2.6206E+02   3.2867E-02   1.8765E+04   1.5929E+02   2.7263E+02   5.1468E+01
 1.6441E-03   5.1390E-03   5.4700E-03  -4.6061E+04   6.0312E+00   1.1821E+01   1.3270E+01   2.6206E+02   3.6240E-02   1.9819E+04   1.8473E+02   2.8197E+02   5.4617E+01
 1.9858E-03   5.6326E-03   6.0706E-03  -5.0038E+04   6.6169E+00   1.1726E+01   1.3464E+01   2.6207E+02   3.9971E-02   2.1048E+04   2.1202E+02   2.9085E+02   5.8338E+01
 2.3709E-03   6.1387E-03   6.7066E-03  -5.2944E+04   7.1723E+00   1.1575E+01   1.3617E+01   2.6208E+02   4.3846E-02   2.2420E+04   2.3857E+02   3.0129E+02   6.2475E+01
 2.8012E-03   6.6566E-03   7.3802E-03  -5.5886E+04   7.6985E+00   1.1379E+01   1.3739E+01   2.6208E+02   4.7928E-02   2.3941E+04   2.6900E+02   3.0952E+02   6.7053E+01
 3.2800E-03   7.1851E-03   8.0934E-03  -5.8308E+04   8.1890E+00   1.1138E+01   1.3824E+01   2.6209E+02   5.2029E-02   2.5525E+04   2.9908E+02   3.1754E+02   7.1842E+01
 3.8086E-03   7.7243E-03   8.8486E-03  -6.0399E+04   8.6470E+00   1.0865E+01   1.3886E+01   2.6210E+02   5.6009E-02   2.7110E+04   3.2939E+02   3.2354E+02   7.6626E+01
 4.3900E-03   8.2728E-03   9.6481E-03  -6.2301E+04   9.0750E+00   1.0564E+01   1.3926E+01   2.6210E+02   5.9729E-02   2.8617E+04   3.5934E+02   3.2629E+02   8.1191E+01
 5.0280E-03   8.8286E-03   1.0494E-02  -6.3817E+04   9.4474E+00   1.0211E+01   1.3911E+01   2.6212E+02   6.3112E-02   2.9955E+04   3.8706E+02   3.2418E+02   8.5398E+01
 5.7251E-03   9.3910E-03   1.1390E-02  -6.4501E+04   9.7472E+00   9.8100E+00   1.3829E+01   2.6215E+02   6.5973E-02   3.1024E+04   4.0923E+02   3.1854E+02   8.8983E+01
 6.4829E-03   9.9604E-03   1.2338E-02  -6.4725E+04   9.9807E+00   9.3785E+00   1.3696E+01   2.6220E+02   6.8222E-02   3.1787E+04   4.2595E+02   3.0943E+02   9.1813E+01
 7.3037E-03   1.0537E-02   1.3341E-02  -6.4804E+04   1.0172E+01   8.9414E+00   1.3543E+01   2.6226E+02   6.9841E-02   3.2258E+04   4.3796E+02   2.9802E+02   9.3854E+01
 8.1903E-03   1.1120E-02   1.4403E-02  -6.4907E+04   1.0311E+01   8.4839E+00   1.3353E+01   2.6233E+02   7.0925E-02   3.2437E+04   4.4554E+02   2.8356E+02   9.5212E+01
 9.1457E-03   1.1710E-02   1.5525E-02  -6.4665E+04   1.0417E+01   8.0300E+00   1.3153E+01   2.6241E+02   7.1487E-02   3.2398E+04   4.4871E+02   2.6884E+02   9.5905E+01
 1.0173E-02   1.2305E-02   1.6713E-02  -6.4420E+04   1.0484E+01   7.5709E+00   1.2931E+01   2.6250E+02   7.1671E-02   3.2164E+04   4.4877E+02   2.5238E+02   9.6109E+01
 1.1275E-02   1.2907E-02   1.7969E-02  -6.3970E+04   1.0515E+01   7.1137E+00   1.2695E+01   2.6259E+02   7.1526E-02   3.1787E+04   4.4566E+02   2.3604E+02   9.5890E+01
 1.2456E-02   1.3514E-02   1.9296E-02  -6.3401E+04   1.0526E+01   6.6720E+00   1.2463E+01   2.6268E+02   7.1128E-02   3.1324E+04   4.4065E+02   2.2017E+02   9.5346E+01
 1.3719E-02   1.4125E-02   2.0700E-02  -6.2867E+04   1.0509E+01   6.2355E+00   1.2220E+01   2.6277E+02   7.0576E-02   3.0784E+04   4.3414E+02   2.0404E+02   9.4601E+01
 1.5068E-02   1.4741E-02   2.2183E-02  -6.2133E+04   1.0462E+01   5.8060E+00   1.1965E+01   2.6287E+02   6.9881E-02   3.0186E+04   4.2580E+02   1.8856E+02   9.3669E+01
 1.6508E-02   1.5360E-02   2.3750E-02  -6.1222E+04   1.0395E+01   5.3953E+00   1.1712E+01   2.6295E+02   6.9062E-02   2.9565E+04   4.1636E+02   1.7408E+02   9.2578E+01
 1.8042E-02   1.5983E-02   2.5406E-02  -6.0304E+04   1.0312E+01   5.0024E+00   1.1461E+01   2.6304E+02   6.8166E-02   2.8928E+04   4.0629E+02   1.6022E+02   9.1387E+01
 1.9675E-02   1.6608E-02   2.7155E-02  -5.9306E+04   1.0216E+01   4.6310E+00   1.1217E+01   2.6312E+02   6.7208E-02   2.8297E+04   3.9578E+02   1.4749E+02   9.0118E+01
 2.1411E-02   1.7237E-02   2.9001E-02  -5.8261E+04   1.0126E+01   4.2903E+00   1.0997E+01   2.6318E+02   6.6224E-02   2.7714E+04   3.8569E+02   1.3614E+02   8.8819E+01
 2.3254E-02   1.7870E-02   3.0950E-02  -5.7305E+04   1.0045E+01   3.9781E+00   1.0804E+01   2.6323E+02   6.5270E-02   2.7192E+04   3.7654E+02   1.2580E+02   8.7561E+01
 2.5210E-02   1.8506E-02   3.3007E-02  -5.6388E+04   9.9735E+00   3.6910E+00   1.0635E+01   2.6326E+02   6.4367E-02   2.6738E+04   3.6832E+02   1.1642E+02   8.6375E+01
 2.7285E-02   1.9143E-02   3.5177E-02  -5.5471E+04   9.9133E+00   3.4283E+00   1.0489E+01   2.6328E+02   6.3538E-02   2.6358E+04   3.6115E+02   1.0793E+02   8.5286E+01
 2.9483E-02   1.9780E-02   3.7466E-02  -5.4569E+04   9.8431E+00   3.1767E+00   1.0343E+01   2.6329E+02   6.2753E-02   2.5996E+04   3.5408E+02   9.9584E+01   8.4254E+01
 3.1811E-02   2.0416E-02   3.9879E-02  -5.3495E+04   9.7698E+00   2.9435E+00   1.0204E+01   2.6330E+02   6.1986E-02   2.5672E+04   3.4711E+02   9.2154E+01   8.3247E+01
 3.4273E-02   2.1051E-02   4.2422E-02  -5.2422E+04   9.7011E+00   2.7304E+00   1.0078E+01   2.6329E+02   6.1248E-02   2.5388E+04   3.4065E+02   8.5341E+01   8.2280E+01
 3.6877E-02   2.1684E-02   4.5102E-02  -5.1408E+04   9.6402E+00   2.5353E+00   9.9680E+00   2.6328E+02   6.0560E-02   2.5144E+04   3.3487E+02   7.9070E+01   8.1378E+01
 3.9628E-02   2.2313E-02   4.7924E-02  -5.0422E+04   9.5722E+00   2.3501E+00   9.8565E+00   2.6327E+02   5.9893E-02   2.4902E+04   3.2909E+02   7.3006E+01   8.0504E+01
 4.2532E-02   2.2938E-02   5.0895E-02  -4.9342E+04   9.5072E+00   2.1816E+00   9.7543E+00   2.6325E+02   5.9248E-02   2.4694E+04   3.2359E+02   6.7678E+01   7.9661E+01
 4.5596E-02   2.3560E-02   5.4021E-02  -4.8343E+04   9.4488E+00   2.0274E+00   9.6638E+00   2.6323E+02   5.8633E-02   2.4507E+04   3.1859E+02   6.2685E+01   7.8859E+01
 4.8826E-02   2.4175E-02   5.7309E-02  -4.7423E+04   9.3877E+00   1.8812E+00   9.5744E+00   2.6321E+02   5.8032E-02   2.4317E+04   3.1366E+02   5.7855E+01   7.8074E+01
 5.2228E-02   2.4782E-02   6.0765E-02  -4.6482E+04   9.3273E+00   1.7448E+00   9.4891E+00   2.6318E+02   5.7445E-02   2.4137E+04   3.0888E+02   5.3400E+01   7.7308E+01
 5.5811E-02   2.5380E-02   6.4398E-02  -4.5589E+04   9.2533E+00   1.6110E+00   9.3925E+00   2.6317E+02   5.6834E-02   2.3921E+04   3.0363E+02   4.8846E+01   7.6510E+01
 5.9581E-02   2.5964E-02   6.8213E-02  -4.4620E+04   9.1647E+00   1.4816E+00   9.2837E+00   2.6316E+02   5.6190E-02   2.3678E+04   2.9780E+02   4.4539E+01   7.5667E+01
 6.3544E-02   2.6535E-02   7.2217E-02  -4.3618E+04   9.0724E+00   1.3604E+00   9.1738E+00   2.6316E+02   5.5534E-02   2.3430E+04   2.9186E+02   4.0563E+01   7.4810E+01
 6.7708E-02   2.7091E-02   7.6417E-02  -4.2679E+04   8.9718E+00   1.2431E+00   9.0575E+00   2.6316E+02   5.4861E-02   2.3161E+04   2.8567E+02   3.6665E+01   7.3928E+01
 7.2078E-02   2.7631E-02   8.0821E-02  -4.1712E+04   8.8792E+00   1.1357E+00   8.9516E+00   2.6315E+02   5.4217E-02   2.2921E+04   2.7992E+02   3.3245E+01   7.3087E+01
 7.6663E-02   2.8151E-02   8.5436E-02  -4.0850E+04   8.7725E+00   1.0274E+00   8.8325E+00   2.6315E+02   5.3549E-02   2.2640E+04   2.7371E+02   2.9604E+01   7.2212E+01
 8.1469E-02   2.8647E-02   9.0267E-02  -3.9855E+04   8.6607E+00   9.2560E-01   8.7100E+00   2.6316E+02   5.2874E-02   2.2365E+04   2.6737E+02   2.6408E+01   7.1329E+01
 8.6502E-02   2.9121E-02   9.5322E-02  -3.8883E+04   8.5473E+00   8.2945E-01   8.5874E+00   2.6316E+02   5.2195E-02   2.2087E+04   2.6104E+02   2.3373E+01   7.0440E+01
 9.1769E-02   2.9568E-02   1.0061E-01  -3.7940E+04   8.4383E+00   7.3946E-01   8.4707E+00   2.6316E+02   5.1534E-02   2.1823E+04   2.5500E+02   2.0590E+01   6.9575E+01
 9.7275E-02   2.9988E-02   1.0613E-01  -3.7040E+04   8.3315E+00   6.5362E-01   8.3571E+00   2.6316E+02   5.0887E-02   2.1564E+04   2.4916E+02   1.7936E+01   6.8728E+01
 1.0303E-01   3.0377E-02   1.1190E-01  -3.6145E+04   8.2258E+00   5.7158E-01   8.2456E+00   2.6316E+02   5.0251E-02   2.1310E+04   2.4347E+02   1.5427E+01   6.7897E+01
 1.0903E-01   3.0730E-02   1.1791E-01  -3.5253E+04   8.1099E+00   4.9007E-01   8.1247E+00   2.6316E+02   4.9595E-02   2.1032E+04   2.3746E+02   1.2905E+01   6.7039E+01
 1.1529E-01   3.1042E-02   1.2418E-01  -3.4273E+04   7.9796E+00   4.1077E-01   7.9901E+00   2.6318E+02   4.8902E-02   2.0727E+04   2.3095E+02   1.0545E+01   6.6129E+01
 1.2181E-01   3.1315E-02   1.3070E-01  -3.3220E+04   7.8533E+00   3.3940E-01   7.8606E+00   2.6318E+02   4.8215E-02   2.0442E+04   2.2467E+02   8.5526E+00   6.5229E+01
 1.2859E-01   3.1547E-02   1.3749E-01  -3.2255E+04   7.7380E+00   2.7372E-01   7.7429E+00   2.6318E+02   4.7558E-02   2.0179E+04   2.1890E+02   6.7013E+00   6.4370E+01
 1.3564E-01   3.1735E-02   1.4454E-01  -3.1350E+04   7.6268E+00   2.1048E-01   7.6297E+00   2.6318E+02   4.6923E-02   1.9920E+04   2.1341E+02   4.8996E+00   6.3540E+01
 1.4296E-01   3.1874E-02   1.5187E-01  -3.0417E+04   7.5027E+00   1.4765E-01   7.5042E+00   2.6319E+02   4.6258E-02   1.9632E+04   2.0751E+02   3.1257E+00   6.2669E+01
 1.5056E-01   3.1962E-02   1.5946E-01  -2.9376E+04   7.3802E+00   9.1338E-02   7.3808E+00   2.6320E+02   4.5595E-02   1.9360E+04   2.0173E+02   1.6735E+00   6.1803E+01
 1.5843E-01   3.2001E-02   1.6733E-01  -2.8403E+04   7.2667E+00   3.9512E-02   7.2668E+00   2.6320E+02   4.4956E-02   1.9104E+04   1.9638E+02   3.1970E-01   6.0969E+01
 1.6657E-01   3.1986E-02   1.7547E-01  -2.7487E+04   7.1552E+00  -1.0846E-02   7.1552E+00   2.6320E+02   4.4332E-02   1.8846E+04   1.9119E+02  -1.0132E+00   6.0154E+01
 1.7498E-01   3.1911E-02   1.8388E-01  -2.6534E+04   7.0323E+00  -6.0307E-02   7.0325E+00   2.6321E+02   4.3680E-02   1.8563E+04   1.8567E+02  -2.2900E+00   5.9301E+01
 1.8367E-01   3.1777E-02   1.9257E-01  -2.5491E+04   6.9114E+00  -1.0396E-01   6.9122E+00   2.6322E+02   4.3030E-02   1.8296E+04   1.8028E+02  -3.3084E+00   5.8452E+01
 1.9262E-01   3.1586E-02   2.0153E-01  -2.4507E+04   6.7982E+00  -1.4394E-01   6.7997E+00   2.6322E+02   4.2401E-02   1.8040E+04   1.7524E+02  -4.2546E+00   5.7631E+01
 2.0184E-01   3.1334E-02   2.1075E-01  -2.3562E+04   6.6860E+00  -1.8231E-01   6.6885E+00   2.6323E+02   4.1779E-02   1.7781E+04   1.7032E+02  -5.1632E+00   5.6821E+01
 2.1132E-01   3.1019E-02   2.2023E-01  -2.2588E+04   6.5725E+00  -2.1800E-01   6.5761E+00   2.6323E+02   4.1156E-02   1.7522E+04   1.6543E+02  -5.9645E+00   5.6008E+01
 2.2105E-01   3.0641E-02   2.2997E-01  -2.1602E+04   6.4597E+00  -2.5068E-01   6.4645E+00   2.6324E+02   4.0534E-02   1.7265E+04   1.6062E+02  -6.6701E+00   5.5197E+01
 2.3103E-01   3.0200E-02   2.3996E-01  -2.0625E+04   6.3472E+00  -2.8099E-01   6.3534E+00   2.6325E+02   3.9912E-02   1.7005E+04   1.5589E+02  -7.3080E+00   5.4387E+01
 2.4124E-01   2.9695E-02   2.5018E-01  -1.9643E+04   6.2345E+00  -3.0862E-01   6.2421E+00   2.6325E+02   3.9289E-02   1.6746E+04   1.5122E+02  -7.8563E+00   5.3577E+01
 2.5168E-01   2.9128E-02   2.6064E-01  -1.8657E+04   6.1274E+00  -3.3286E-01   6.1364E+00   2.6326E+02   3.8683E-02   1.6500E+04   1.4681E+02  -8.3012E+00   5.2789E+01
 2.6234E-01   2.8501E-02   2.7131E-01  -1.7711E+04   6.0224E+00  -3.5555E-01   6.0329E+00   2.6326E+02   3.8083E-02   1.6253E+04   1.4252E+02  -8.7243E+00   5.2010E+01
 2.7320E-01   2.7811E-02   2.8220E-01  -1.6759E+04   5.9177E+00  -3.7637E-01   5.9296E+00   2.6327E+02   3.7485E-02   1.6007E+04   1.3831E+02  -9.0857E+00   5.1234E+01
 2.8425E-01   2.7061E-02   2.9327E-01  -1.5803E+04   5.8112E+00  -3.9535E-01   5.8246E+00   2.6328E+02   3.6882E-02   1.5756E+04   1.3410E+02  -9.3950E+00   5.0451E+01
 2.9547E-01   2.6251E-02   3.0453E-01  -1.4838E+04   5.7042E+00  -4.1207E-01   5.7191E+00   2.6328E+02   3.6275E-02   1.5504E+04   1.2993E+02  -9.6346E+00   4.9664E+01
 3.0686E-01   2.5385E-02   3.1595E-01  -1.3874E+04   5.5982E+00  -4.2643E-01   5.6144E+00   2.6329E+02   3.5668E-02   1.5254E+04   1.2584E+02  -9.8084E+00   4.8878E+01
 3.1839E-01   2.4468E-02   3.2751E-01  -1.2923E+04   5.5001E+00  -4.3820E-01   5.5175E+00   2.6329E+02   3.5086E-02   1.5022E+04   1.2207E+02  -9.9169E+00   4.8125E+01
 3.3004E-01   2.3499E-02   3.3921E-01  -1.2023E+04   5.4053E+00  -4.4977E-01   5.4240E+00   2.6330E+02   3.4514E-02   1.4790E+04   1.1845E+02  -1.0052E+01   4.7389E+01
 3.4180E-01   2.2477E-02   3.5101E-01  -1.1116E+04   5.2981E+00  -4.6153E-01   5.3182E+00   2.6331E+02   3.3905E-02   1.4527E+04   1.1450E+02  -1.0184E+01   4.6600E+01
 3.5365E-01   2.1404E-02   3.6291E-01  -1.0126E+04   5.1877E+00  -4.6977E-01   5.2089E+00   2.6332E+02   3.3281E-02   1.4269E+04   1.1052E+02  -1.0183E+01   4.5792E+01
 3.6557E-01   2.0288E-02   3.7488E-01  -9.1614E+03   5.0817E+00  -4.7600E-01   5.1039E+00   2.6333E+02   3.2662E-02   1.4016E+04   1.0671E+02  -1.0155E+01   4.4994E+01
 3.7753E-01   1.9130E-02   3.8690E-01  -8.2254E+03   4.9730E+00  -4.8177E-01   4.9963E+00   2.6334E+02   3.2030E-02   1.3751E+04   1.0288E+02  -1.0130E+01   4.4179E+01
 3.8953E-01   1.7931E-02   3.9895E-01  -7.2527E+03   4.8581E+00  -4.8581E-01   4.8823E+00   2.6336E+02   3.1374E-02   1.3476E+04   9.8923E+01  -1.0048E+01   4.3332E+01
 4.0152E-01   1.6695E-02   4.1101E-01  -6.2549E+03   4.7402E+00  -4.8774E-01   4.7652E+00   2.6337E+02   3.0699E-02   1.3195E+04   9.4937E+01  -9.9133E+00   4.2461E+01
 4.1351E-01   1.5425E-02   4.2306E-01  -5.2551E+03   4.6158E+00  -4.8846E-01   4.6416E+00   2.6339E+02   2.9992E-02   1.2896E+04   9.0825E+01  -9.7595E+00   4.1549E+01
 4.2546E-01   1.4123E-02   4.3508E-01  -4.2182E+03   4.4802E+00  -4.8725E-01   4.5067E+00   2.6341E+02   2.9235E-02   1.2572E+04   8.6468E+01  -9.5519E+00   4.0571E+01
 4.3735E-01   1.2793E-02   4.4705E-01  -3.1310E+03   4.3356E+00  -4.8339E-01   4.3625E+00   2.6343E+02   2.8431E-02   1.2230E+04   8.1939E+01  -9.2787E+00   3.9532E+01
 4.4916E-01   1.1436E-02   4.5894E-01  -2.0145E+03   4.1731E+00  -4.7754E-01   4.2003E+00   2.6347E+02   2.7541E-02   1.1841E+04   7.7008E+01  -8.9701E+00   3.8381E+01
 4.6088E-01   1.0053E-02   4.7074E-01  -8.1147E+02   3.9837E+00  -4.6749E-01   4.0110E+00   2.6351E+02   2.6531E-02   1.1394E+04   7.1486E+01  -8.5513E+00   3.7069E+01
 4.7249E-01   8.6489E-03   4.8243E-01   4.9195E+02   3.7747E+00  -4.5262E-01   3.8018E+00   2.6356E+02   2.5409E-02   1.0901E+04   6.5604E+01  -8.0263E+00   3.5614E+01
 4.8396E-01   7.2276E-03   4.9399E-01   1.8446E+03   3.5148E+00  -4.3002E-01   3.5410E+00   2.6364E+02   2.4049E-02   1.0287E+04   5.8658E+01  -7.3595E+00   3.3840E+01
 4.9528E-01   5.7903E-03   5.0540E-01   3.3830E+03   3.2515E+00  -4.0593E-01   3.2768E+00   2.6373E+02   2.2591E-02   9.6416E+03   5.1875E+01  -6.6646E+00   3.1954E+01
 5.0643E-01   4.3344E-03   5.1665E-01   4.8589E+03   2.7642E+00  -3.4870E-01   2.7862E+00   2.6395E+02   2.0144E-02   8.4863E+03   4.0621E+01  -5.3877E+00   2.8719E+01
 5.1741E-01   2.8739E-03   5.2772E-01   7.0778E+03   2.6497E+00  -3.4095E-01   2.6715E+00   2.6389E+02   1.9185E-02   8.2019E+03   3.7722E+01  -5.0406E+00   2.7553E+01
 5.2812E-01   1.0736E-03   5.3859E-01   7.8869E+03   1.0650E+00  -2.5327E-01   1.0947E+00   2.6472E+02   8.6682E-03   4.0234E+03   1.0407E+01  -2.1169E+00   1.4470E+01
